freqs     stokes_i  stokes_q  stokes_u 
550.048828 12.489392 0.146264  -1.063818
550.146484 12.489392 0.146264  -1.063818
550.244141 12.489392 0.146264  -1.063818
550.341797 12.489392 0.146264  -1.063818
550.439453 12.489392 0.146264  -1.063818
550.537109 12.489392 0.146264  -1.063818
550.634766 12.489392 0.146264  -1.063818
550.732422 12.489392 0.146264  -1.063818
550.830078 12.489392 0.146264  -1.063818
550.927734 12.489392 0.146264  -1.063818
551.025391 12.489392 0.146264  -1.063818
551.123047 12.489392 0.146264  -1.063818
551.220703 12.489392 0.146264  -1.063818
551.318359 12.489392 0.146264  -1.063818
551.416016 12.489392 0.146264  -1.063818
551.513672 12.489392 0.146264  -1.063818
551.611328 12.489392 0.146264  -1.063818
551.708984 12.489392 0.146264  -1.063818
551.806641 12.489392 0.146264  -1.063818
551.904297 12.489392 0.146264  -1.063818
552.001953 12.489392 0.146264  -1.063818
552.099609 12.489392 0.146264  -1.063818
552.197266 12.489392 0.146264  -1.063818
552.294922 12.489392 0.146264  -1.063818
552.392578 12.489392 0.146264  -1.063818
552.490234 12.489392 0.146264  -1.063818
552.587891 12.489392 0.146264  -1.063818
552.685547 12.489392 0.146264  -1.063818
552.783203 12.489392 0.146264  -1.063818
552.880859 12.489392 0.146264  -1.063818
552.978516 12.489392 0.146264  -1.063818
553.076172 12.489392 0.146264  -1.063818
553.173828 12.489392 0.146264  -1.063818
553.271484 12.489392 0.146264  -1.063818
553.369141 12.489392 0.146264  -1.063818
553.466797 12.489392 0.146264  -1.063818
553.564453 12.489392 0.146264  -1.063818
553.662109 12.489392 0.146264  -1.063818
553.759766 12.489392 0.146264  -1.063818
553.857422 12.489392 0.146264  -1.063818
553.955078 12.489392 0.146264  -1.063818
554.052734 12.489392 0.146264  -1.063818
554.150391 12.489392 0.146264  -1.063818
554.248047 12.489392 0.146264  -1.063818
554.345703 12.489392 0.146264  -1.063818
554.443359 12.489392 0.146264  -1.063818
554.541016 12.489392 0.146264  -1.063818
554.638672 12.489392 0.146264  -1.063818
554.736328 12.489392 0.146264  -1.063818
554.833984 12.489392 0.146264  -1.063818
554.931641 12.489392 0.146264  -1.063818
555.029297 12.489392 0.146264  -1.063818
555.126953 12.489392 0.146264  -1.063818
555.224609 12.489392 0.146264  -1.063818
555.322266 12.489392 0.146264  -1.063818
555.419922 12.489392 0.146264  -1.063818
555.517578 12.489392 0.146264  -1.063818
555.615234 12.489392 0.146264  -1.063818
555.712891 12.489392 0.146264  -1.063818
555.810547 12.489392 0.146264  -1.063818
555.908203 12.489392 0.146264  -1.063818
556.005859 12.489392 0.146264  -1.063818
556.103516 12.489392 0.146264  -1.063818
556.201172 12.489392 0.146264  -1.063818
556.298828 12.489392 0.146264  -1.063818
556.396484 12.489392 0.146264  -1.063818
556.494141 12.489392 0.146264  -1.063818
556.591797 12.489392 0.146264  -1.063818
556.689453 12.489392 0.146264  -1.063818
556.787109 12.489392 0.146264  -1.063818
556.884766 12.489392 0.146264  -1.063818
556.982422 12.489392 0.146264  -1.063818
557.080078 12.489392 0.146264  -1.063818
557.177734 12.489392 0.146264  -1.063818
557.275391 12.489392 0.146264  -1.063818
557.373047 12.489392 0.146264  -1.063818
557.470703 12.489392 0.146264  -1.063818
557.568359 12.489392 0.146264  -1.063818
557.666016 12.489392 0.146264  -1.063818
557.763672 12.489392 0.146264  -1.063818
557.861328 12.489392 0.146264  -1.063818
557.958984 12.489392 0.146264  -1.063818
558.056641 12.489392 0.146264  -1.063818
558.154297 12.489392 0.146264  -1.063818
558.251953 12.489392 0.146264  -1.063818
558.349609 12.489392 0.146264  -1.063818
558.447266 12.489392 0.146264  -1.063818
558.544922 12.489392 0.146264  -1.063818
558.642578 12.489392 0.146264  -1.063818
558.740234 12.489392 0.146264  -1.063818
558.837891 12.489392 0.146264  -1.063818
558.935547 12.489392 0.146264  -1.063818
559.033203 12.489392 0.146264  -1.063818
559.130859 12.489392 0.146264  -1.063818
559.228516 12.489392 0.146264  -1.063818
559.326172 12.489392 0.146264  -1.063818
559.423828 12.489392 0.146264  -1.063818
559.521484 12.489392 0.146264  -1.063818
559.619141 12.489392 0.146264  -1.063818
559.716797 12.489392 0.146264  -1.063818
559.814453 12.489392 0.146264  -1.063818
559.912109 12.489392 0.146264  -1.063818
560.009766 12.489392 0.146264  -1.063818
560.107422 12.489392 0.146264  -1.063818
560.205078 12.489392 0.146264  -1.063818
560.302734 12.489392 0.146264  -1.063818
560.400391 12.489392 0.146264  -1.063818
560.498047 12.489392 0.146264  -1.063818
560.595703 12.489392 0.146264  -1.063818
560.693359 12.489392 0.146264  -1.063818
560.791016 12.489392 0.146264  -1.063818
560.888672 12.489392 0.146264  -1.063818
560.986328 12.489392 0.146264  -1.063818
561.083984 12.489392 0.146264  -1.063818
561.181641 12.489392 0.146264  -1.063818
561.279297 12.489392 0.146264  -1.063818
561.376953 12.489392 0.146264  -1.063818
561.474609 12.489392 0.146264  -1.063818
561.572266 12.489392 0.146264  -1.063818
561.669922 12.489392 0.146264  -1.063818
561.767578 12.489392 0.146264  -1.063818
561.865234 12.489392 0.146264  -1.063818
561.962891 12.489392 0.146264  -1.063818
562.060547 12.489392 0.146264  -1.063818
562.158203 12.489392 0.146264  -1.063818
562.255859 12.489392 0.146264  -1.063818
562.353516 12.489392 0.146264  -1.063818
562.451172 12.489392 0.146264  -1.063818
562.548828 12.489392 0.146264  -1.063818
562.646484 12.489392 0.146264  -1.063818
562.744141 12.489392 0.146264  -1.063818
562.841797 12.489392 0.146264  -1.063818
562.939453 12.489392 0.146264  -1.063818
563.037109 12.489392 0.146264  -1.063818
563.134766 12.489392 0.146264  -1.063818
563.232422 12.489392 0.146264  -1.063818
563.330078 12.489392 0.146264  -1.063818
563.427734 12.489392 0.146264  -1.063818
563.525391 12.489392 0.146264  -1.063818
563.623047 12.489392 0.146264  -1.063818
563.720703 12.489392 0.146264  -1.063818
563.818359 12.489392 0.146264  -1.063818
563.916016 12.489392 0.146264  -1.063818
564.013672 12.489392 0.146264  -1.063818
564.111328 12.489392 0.146264  -1.063818
564.208984 12.489392 0.146264  -1.063818
564.306641 12.489392 0.146264  -1.063818
564.404297 12.489392 0.146264  -1.063818
564.501953 12.489392 0.146264  -1.063818
564.599609 12.489392 0.146264  -1.063818
564.697266 12.489392 0.146264  -1.063818
564.794922 12.489392 0.146264  -1.063818
564.892578 12.489392 0.146264  -1.063818
564.990234 12.489392 0.146264  -1.063818
565.087891 12.489392 0.146264  -1.063818
565.185547 12.489392 0.146264  -1.063818
565.283203 12.489392 0.146264  -1.063818
565.380859 12.489392 0.146264  -1.063818
565.478516 12.489392 0.146264  -1.063818
565.576172 12.489392 0.146264  -1.063818
565.673828 12.489392 0.146264  -1.063818
565.771484 12.489392 0.146264  -1.063818
565.869141 12.489392 0.146264  -1.063818
565.966797 12.489392 0.146264  -1.063818
566.064453 12.489392 0.146264  -1.063818
566.162109 12.489392 0.146264  -1.063818
566.259766 12.489392 0.146264  -1.063818
566.357422 12.489392 0.146264  -1.063818
566.455078 12.489392 0.146264  -1.063818
566.552734 12.489392 0.146264  -1.063818
566.650391 12.489392 0.146264  -1.063818
566.748047 12.489392 0.146264  -1.063818
566.845703 12.489392 0.146264  -1.063818
566.943359 12.489392 0.146264  -1.063818
567.041016 12.489392 0.146264  -1.063818
567.138672 12.489392 0.146264  -1.063818
567.236328 12.489392 0.146264  -1.063818
567.333984 12.489392 0.146264  -1.063818
567.431641 12.489392 0.146264  -1.063818
567.529297 12.489392 0.146264  -1.063818
567.626953 12.489392 0.146264  -1.063818
567.724609 12.489392 0.146264  -1.063818
567.822266 12.489392 0.146264  -1.063818
567.919922 12.489392 0.146264  -1.063818
568.017578 12.489392 0.146264  -1.063818
568.115234 12.489392 0.146264  -1.063818
568.212891 12.489392 0.146264  -1.063818
568.310547 12.489392 0.146264  -1.063818
568.408203 12.489392 0.146264  -1.063818
568.505859 12.489392 0.146264  -1.063818
568.603516 12.489392 0.146264  -1.063818
568.701172 12.489392 0.146264  -1.063818
568.798828 12.489392 0.146264  -1.063818
568.896484 12.489392 0.146264  -1.063818
568.994141 12.489392 0.146264  -1.063818
569.091797 12.489392 0.146264  -1.063818
569.189453 12.489392 0.146264  -1.063818
569.287109 12.489392 0.146264  -1.063818
569.384766 12.489392 0.146264  -1.063818
569.482422 12.489392 0.146264  -1.063818
569.580078 12.489392 0.146264  -1.063818
569.677734 12.489392 0.146264  -1.063818
569.775391 12.489392 0.146264  -1.063818
569.873047 12.489392 0.146264  -1.063818
569.970703 12.489392 0.146264  -1.063818
570.068359 12.489392 0.146264  -1.063818
570.166016 12.489392 0.146264  -1.063818
570.263672 12.489392 0.146264  -1.063818
570.361328 12.489392 0.146264  -1.063818
570.458984 12.489392 0.146264  -1.063818
570.556641 12.489392 0.146264  -1.063818
570.654297 12.489392 0.146264  -1.063818
570.751953 12.489392 0.146264  -1.063818
570.849609 12.489392 0.146264  -1.063818
570.947266 12.489392 0.146264  -1.063818
571.044922 12.489392 0.146264  -1.063818
571.142578 12.489392 0.146264  -1.063818
571.240234 12.489392 0.146264  -1.063818
571.337891 12.489392 0.146264  -1.063818
571.435547 12.489392 0.146264  -1.063818
571.533203 12.489392 0.146264  -1.063818
571.630859 12.489392 0.146264  -1.063818
571.728516 12.489392 0.146264  -1.063818
571.826172 12.489392 0.146264  -1.063818
571.923828 12.489392 0.146264  -1.063818
572.021484 12.489392 0.146264  -1.063818
572.119141 12.489392 0.146264  -1.063818
572.216797 12.489392 0.146264  -1.063818
572.314453 12.489392 0.146264  -1.063818
572.412109 12.489392 0.146264  -1.063818
572.509766 12.489392 0.146264  -1.063818
572.607422 12.489392 0.146264  -1.063818
572.705078 12.489392 0.146264  -1.063818
572.802734 12.489392 0.146264  -1.063818
572.900391 12.489392 0.146264  -1.063818
572.998047 12.489392 0.146264  -1.063818
573.095703 12.489392 0.146264  -1.063818
573.193359 12.489392 0.146264  -1.063818
573.291016 12.489392 0.146264  -1.063818
573.388672 12.489392 0.146264  -1.063818
573.486328 12.489392 0.146264  -1.063818
573.583984 12.489392 0.146264  -1.063818
573.681641 12.489392 0.146264  -1.063818
573.779297 12.489392 0.146264  -1.063818
573.876953 12.489392 0.146264  -1.063818
573.974609 12.489392 0.146264  -1.063818
574.072266 12.489392 0.146264  -1.063818
574.169922 12.489392 0.146264  -1.063818
574.267578 12.489392 0.146264  -1.063818
574.365234 12.489392 0.146264  -1.063818
574.462891 12.489392 0.146264  -1.063818
574.560547 12.489392 0.146264  -1.063818
574.658203 12.489392 0.146264  -1.063818
574.755859 12.489392 0.146264  -1.063818
574.853516 12.489392 0.146264  -1.063818
574.951172 12.489392 0.146264  -1.063818
575.048828 12.489392 0.146264  -1.063818
575.146484 12.489392 0.146264  -1.063818
575.244141 12.489392 0.146264  -1.063818
575.341797 12.489392 0.146264  -1.063818
575.439453 12.489392 0.146264  -1.063818
575.537109 12.489392 0.146264  -1.063818
575.634766 12.489392 0.146264  -1.063818
575.732422 12.489392 0.146264  -1.063818
575.830078 12.489392 0.146264  -1.063818
575.927734 12.489392 0.146264  -1.063818
576.025391 12.489392 0.146264  -1.063818
576.123047 12.489392 0.146264  -1.063818
576.220703 12.489392 0.146264  -1.063818
576.318359 12.489392 0.146264  -1.063818
576.416016 12.489392 0.146264  -1.063818
576.513672 12.489392 0.146264  -1.063818
576.611328 12.489392 0.146264  -1.063818
576.708984 12.489392 0.146264  -1.063818
576.806641 12.489392 0.146264  -1.063818
576.904297 12.489392 0.146264  -1.063818
577.001953 12.489392 0.146264  -1.063818
577.099609 12.489392 0.146264  -1.063818
577.197266 12.489392 0.146264  -1.063818
577.294922 12.489392 0.146264  -1.063818
577.392578 12.489392 0.146264  -1.063818
577.490234 12.489392 0.146264  -1.063818
577.587891 12.489392 0.146264  -1.063818
577.685547 12.489392 0.146264  -1.063818
577.783203 12.489392 0.146264  -1.063818
577.880859 12.489392 0.146264  -1.063818
577.978516 12.489392 0.146264  -1.063818
578.076172 12.489392 0.146264  -1.063818
578.173828 12.489392 0.146264  -1.063818
578.271484 12.489392 0.146264  -1.063818
578.369141 12.489392 0.146264  -1.063818
578.466797 12.489392 0.146264  -1.063818
578.564453 12.489392 0.146264  -1.063818
578.662109 12.489392 0.146264  -1.063818
578.759766 12.489392 0.146264  -1.063818
578.857422 12.489392 0.146264  -1.063818
578.955078 12.489392 0.146264  -1.063818
579.052734 12.489392 0.146264  -1.063818
579.150391 12.489392 0.146264  -1.063818
579.248047 12.489392 0.146264  -1.063818
579.345703 12.489392 0.146264  -1.063818
579.443359 12.489392 0.146264  -1.063818
579.541016 12.489392 0.146264  -1.063818
579.638672 12.489392 0.146264  -1.063818
579.736328 12.489392 0.146264  -1.063818
579.833984 12.489392 0.146264  -1.063818
579.931641 12.489392 0.146264  -1.063818
580.029297 12.489392 0.146264  -1.063818
580.126953 12.489392 0.146264  -1.063818
580.224609 12.489392 0.146264  -1.063818
580.322266 12.489392 0.146264  -1.063818
580.419922 12.489392 0.146264  -1.063818
580.517578 12.489392 0.146264  -1.063818
580.615234 12.489392 0.146264  -1.063818
580.712891 12.489392 0.146264  -1.063818
580.810547 12.489392 0.146264  -1.063818
580.908203 12.489392 0.146264  -1.063818
581.005859 12.489392 0.146264  -1.063818
581.103516 12.489392 0.146264  -1.063818
581.201172 12.489392 0.146264  -1.063818
581.298828 12.489392 0.146264  -1.063818
581.396484 12.489392 0.146264  -1.063818
581.494141 12.489392 0.146264  -1.063818
581.591797 12.489392 0.146264  -1.063818
581.689453 12.489392 0.146264  -1.063818
581.787109 12.489392 0.146264  -1.063818
581.884766 12.489392 0.146264  -1.063818
581.982422 12.489392 0.146264  -1.063818
582.080078 12.489392 0.146264  -1.063818
582.177734 12.489392 0.146264  -1.063818
582.275391 12.489392 0.146264  -1.063818
582.373047 12.489392 0.146264  -1.063818
582.470703 12.489392 0.146264  -1.063818
582.568359 12.489392 0.146264  -1.063818
582.666016 12.489392 0.146264  -1.063818
582.763672 12.489392 0.146264  -1.063818
582.861328 12.489392 0.146264  -1.063818
582.958984 12.489392 0.146264  -1.063818
583.056641 12.489392 0.146264  -1.063818
583.154297 12.489392 0.146264  -1.063818
583.251953 12.489392 0.146264  -1.063818
583.349609 12.489392 0.146264  -1.063818
583.447266 12.489392 0.146264  -1.063818
583.544922 12.489392 0.146264  -1.063818
583.642578 12.489392 0.146264  -1.063818
583.740234 12.489392 0.146264  -1.063818
583.837891 12.489392 0.146264  -1.063818
583.935547 12.489392 0.146264  -1.063818
584.033203 12.489392 0.146264  -1.063818
584.130859 12.489392 0.146264  -1.063818
584.228516 12.489392 0.146264  -1.063818
584.326172 12.489392 0.146264  -1.063818
584.423828 12.489392 0.146264  -1.063818
584.521484 12.489392 0.146264  -1.063818
584.619141 12.489392 0.146264  -1.063818
584.716797 12.489392 0.146264  -1.063818
584.814453 12.489392 0.146264  -1.063818
584.912109 12.489392 0.146264  -1.063818
585.009766 12.489392 0.146264  -1.063818
585.107422 12.489392 0.146264  -1.063818
585.205078 12.489392 0.146264  -1.063818
585.302734 12.489392 0.146264  -1.063818
585.400391 12.489392 0.146264  -1.063818
585.498047 12.489392 0.146264  -1.063818
585.595703 12.489392 0.146264  -1.063818
585.693359 12.489392 0.146264  -1.063818
585.791016 12.489392 0.146264  -1.063818
585.888672 12.489392 0.146264  -1.063818
585.986328 12.489392 0.146264  -1.063818
586.083984 12.489392 0.146264  -1.063818
586.181641 12.489392 0.146264  -1.063818
586.279297 12.489392 0.146264  -1.063818
586.376953 12.489392 0.146264  -1.063818
586.474609 12.489392 0.146264  -1.063818
586.572266 12.489392 0.146264  -1.063818
586.669922 12.489392 0.146264  -1.063818
586.767578 12.489392 0.146264  -1.063818
586.865234 12.489392 0.146264  -1.063818
586.962891 12.489392 0.146264  -1.063818
587.060547 12.489392 0.146264  -1.063818
587.158203 12.489392 0.146264  -1.063818
587.255859 12.489392 0.146264  -1.063818
587.353516 12.489392 0.146264  -1.063818
587.451172 12.489392 0.146264  -1.063818
587.548828 12.489392 0.146264  -1.063818
587.646484 12.489392 0.146264  -1.063818
587.744141 12.489392 0.146264  -1.063818
587.841797 12.489392 0.146264  -1.063818
587.939453 12.489392 0.146264  -1.063818
588.037109 12.489392 0.146264  -1.063818
588.134766 12.489392 0.146264  -1.063818
588.232422 12.489392 0.146264  -1.063818
588.330078 12.489392 0.146264  -1.063818
588.427734 12.489392 0.146264  -1.063818
588.525391 12.489392 0.146264  -1.063818
588.623047 12.489392 0.146264  -1.063818
588.720703 12.489392 0.146264  -1.063818
588.818359 12.489392 0.146264  -1.063818
588.916016 12.489392 0.146264  -1.063818
589.013672 12.489392 0.146264  -1.063818
589.111328 12.489392 0.146264  -1.063818
589.208984 12.489392 0.146264  -1.063818
589.306641 12.489392 0.146264  -1.063818
589.404297 12.489392 0.146264  -1.063818
589.501953 12.489392 0.146264  -1.063818
589.599609 12.489392 0.146264  -1.063818
589.697266 12.489392 0.146264  -1.063818
589.794922 12.489392 0.146264  -1.063818
589.892578 12.489392 0.146264  -1.063818
589.990234 12.489392 0.146264  -1.063818
590.087891 12.489392 0.146264  -1.063818
590.185547 12.489392 0.146264  -1.063818
590.283203 12.489392 0.146264  -1.063818
590.380859 12.489392 0.146264  -1.063818
590.478516 12.489392 0.146264  -1.063818
590.576172 12.489392 0.146264  -1.063818
590.673828 12.489392 0.146264  -1.063818
590.771484 12.489392 0.146264  -1.063818
590.869141 12.489392 0.146264  -1.063818
590.966797 12.489392 0.146264  -1.063818
591.064453 12.489392 0.146264  -1.063818
591.162109 12.489392 0.146264  -1.063818
591.259766 12.489392 0.146264  -1.063818
591.357422 12.489392 0.146264  -1.063818
591.455078 12.489392 0.146264  -1.063818
591.552734 12.489392 0.146264  -1.063818
591.650391 12.489392 0.146264  -1.063818
591.748047 12.489392 0.146264  -1.063818
591.845703 12.489392 0.146264  -1.063818
591.943359 12.489392 0.146264  -1.063818
592.041016 12.489392 0.146264  -1.063818
592.138672 12.489392 0.146264  -1.063818
592.236328 12.489392 0.146264  -1.063818
592.333984 12.489392 0.146264  -1.063818
592.431641 12.489392 0.146264  -1.063818
592.529297 12.489392 0.146264  -1.063818
592.626953 12.489392 0.146264  -1.063818
592.724609 12.489392 0.146264  -1.063818
592.822266 12.489392 0.146264  -1.063818
592.919922 12.489392 0.146264  -1.063818
593.017578 12.489392 0.146264  -1.063818
593.115234 12.489392 0.146264  -1.063818
593.212891 12.489392 0.146264  -1.063818
593.310547 12.489392 0.146264  -1.063818
593.408203 12.489392 0.146264  -1.063818
593.505859 12.489392 0.146264  -1.063818
593.603516 12.489392 0.146264  -1.063818
593.701172 12.489392 0.146264  -1.063818
593.798828 12.489392 0.146264  -1.063818
593.896484 12.489392 0.146264  -1.063818
593.994141 12.489392 0.146264  -1.063818
594.091797 12.489392 0.146264  -1.063818
594.189453 12.489392 0.146264  -1.063818
594.287109 12.489392 0.146264  -1.063818
594.384766 12.489392 0.146264  -1.063818
594.482422 12.489392 0.146264  -1.063818
594.580078 12.489392 0.146264  -1.063818
594.677734 12.489392 0.146264  -1.063818
594.775391 12.489392 0.146264  -1.063818
594.873047 12.489392 0.146264  -1.063818
594.970703 12.489392 0.146264  -1.063818
595.068359 12.489392 0.146264  -1.063818
595.166016 12.489392 0.146264  -1.063818
595.263672 12.489392 0.146264  -1.063818
595.361328 12.489392 0.146264  -1.063818
595.458984 12.489392 0.146264  -1.063818
595.556641 12.489392 0.146264  -1.063818
595.654297 12.489392 0.146264  -1.063818
595.751953 12.489392 0.146264  -1.063818
595.849609 12.489392 0.146264  -1.063818
595.947266 12.489392 0.146264  -1.063818
596.044922 12.489392 0.146264  -1.063818
596.142578 12.489392 0.146264  -1.063818
596.240234 12.489392 0.146264  -1.063818
596.337891 12.489392 0.146264  -1.063818
596.435547 12.489392 0.146264  -1.063818
596.533203 12.489392 0.146264  -1.063818
596.630859 12.489392 0.146264  -1.063818
596.728516 12.489392 0.146264  -1.063818
596.826172 12.489392 0.146264  -1.063818
596.923828 12.489392 0.146264  -1.063818
597.021484 12.489392 0.146264  -1.063818
597.119141 12.489392 0.146264  -1.063818
597.216797 12.489392 0.146264  -1.063818
597.314453 12.489392 0.146264  -1.063818
597.412109 12.489392 0.146264  -1.063818
597.509766 12.489392 0.146264  -1.063818
597.607422 12.489392 0.146264  -1.063818
597.705078 12.489392 0.146264  -1.063818
597.802734 12.489392 0.146264  -1.063818
597.900391 12.489392 0.146264  -1.063818
597.998047 12.489392 0.146264  -1.063818
598.095703 12.489392 0.146264  -1.063818
598.193359 12.489392 0.146264  -1.063818
598.291016 12.489392 0.146264  -1.063818
598.388672 12.489392 0.146264  -1.063818
598.486328 12.489392 0.146264  -1.063818
598.583984 12.489392 0.146264  -1.063818
598.681641 12.489392 0.146264  -1.063818
598.779297 12.489392 0.146264  -1.063818
598.876953 12.489392 0.146264  -1.063818
598.974609 12.489392 0.146264  -1.063818
599.072266 12.489392 0.146264  -1.063818
599.169922 12.489392 0.146264  -1.063818
599.267578 12.489392 0.146264  -1.063818
599.365234 12.489392 0.146264  -1.063818
599.462891 12.489392 0.146264  -1.063818
599.560547 12.489392 0.146264  -1.063818
599.658203 12.489392 0.146264  -1.063818
599.755859 12.489392 0.146264  -1.063818
599.853516 12.489392 0.146264  -1.063818
599.951172 12.489392 0.146264  -1.063818
600.048828 12.489392 0.146264  -1.063818
600.146484 12.489392 0.146264  -1.063818
600.244141 12.489392 0.146264  -1.063818
600.341797 12.489392 0.146264  -1.063818
600.439453 12.489392 0.146264  -1.063818
600.537109 12.489392 0.146264  -1.063818
600.634766 12.489392 0.146264  -1.063818
600.732422 12.489392 0.146264  -1.063818
600.830078 12.489392 0.146264  -1.063818
600.927734 12.489392 0.146264  -1.063818
601.025391 12.489392 0.146264  -1.063818
601.123047 12.489392 0.146264  -1.063818
601.220703 12.489392 0.146264  -1.063818
601.318359 12.489392 0.146264  -1.063818
601.416016 12.489392 0.146264  -1.063818
601.513672 12.489392 0.146264  -1.063818
601.611328 12.489392 0.146264  -1.063818
601.708984 12.489392 0.146264  -1.063818
601.806641 12.489392 0.146264  -1.063818
601.904297 12.489392 0.146264  -1.063818
602.001953 12.489392 0.146264  -1.063818
602.099609 12.489392 0.146264  -1.063818
602.197266 12.489392 0.146264  -1.063818
602.294922 12.489392 0.146264  -1.063818
602.392578 12.489392 0.146264  -1.063818
602.490234 12.489392 0.146264  -1.063818
602.587891 12.489392 0.146264  -1.063818
602.685547 12.489392 0.146264  -1.063818
602.783203 12.489392 0.146264  -1.063818
602.880859 12.489392 0.146264  -1.063818
602.978516 12.489392 0.146264  -1.063818
603.076172 12.489392 0.146264  -1.063818
603.173828 12.489392 0.146264  -1.063818
603.271484 12.489392 0.146264  -1.063818
603.369141 12.489392 0.146264  -1.063818
603.466797 12.489392 0.146264  -1.063818
603.564453 12.489392 0.146264  -1.063818
603.662109 12.489392 0.146264  -1.063818
603.759766 12.489392 0.146264  -1.063818
603.857422 12.489392 0.146264  -1.063818
603.955078 12.489392 0.146264  -1.063818
604.052734 12.489392 0.146264  -1.063818
604.150391 12.489392 0.146264  -1.063818
604.248047 12.489392 0.146264  -1.063818
604.345703 12.489392 0.146264  -1.063818
604.443359 12.489392 0.146264  -1.063818
604.541016 12.489392 0.146264  -1.063818
604.638672 12.489392 0.146264  -1.063818
604.736328 12.489392 0.146264  -1.063818
604.833984 12.489392 0.146264  -1.063818
604.931641 12.489392 0.146264  -1.063818
605.029297 12.489392 0.146264  -1.063818
605.126953 12.489392 0.146264  -1.063818
605.224609 12.489392 0.146264  -1.063818
605.322266 12.489392 0.146264  -1.063818
605.419922 12.489392 0.146264  -1.063818
605.517578 12.489392 0.146264  -1.063818
605.615234 12.489392 0.146264  -1.063818
605.712891 12.489392 0.146264  -1.063818
605.810547 12.489392 0.146264  -1.063818
605.908203 12.489392 0.146264  -1.063818
606.005859 12.489392 0.146264  -1.063818
606.103516 12.489392 0.146264  -1.063818
606.201172 12.489392 0.146264  -1.063818
606.298828 12.489392 0.146264  -1.063818
606.396484 12.489392 0.146264  -1.063818
606.494141 12.489392 0.146264  -1.063818
606.591797 12.489392 0.146264  -1.063818
606.689453 12.489392 0.146264  -1.063818
606.787109 12.489392 0.146264  -1.063818
606.884766 12.489392 0.146264  -1.063818
606.982422 12.489392 0.146264  -1.063818
607.080078 12.489392 0.146264  -1.063818
607.177734 12.489392 0.146264  -1.063818
607.275391 12.489392 0.146264  -1.063818
607.373047 12.489392 0.146264  -1.063818
607.470703 12.489392 0.146264  -1.063818
607.568359 12.489392 0.146264  -1.063818
607.666016 12.489392 0.146264  -1.063818
607.763672 12.489392 0.146264  -1.063818
607.861328 12.489392 0.146264  -1.063818
607.958984 12.489392 0.146264  -1.063818
608.056641 12.489392 0.146264  -1.063818
608.154297 12.489392 0.146264  -1.063818
608.251953 12.489392 0.146264  -1.063818
608.349609 12.489392 0.146264  -1.063818
608.447266 12.489392 0.146264  -1.063818
608.544922 12.489392 0.146264  -1.063818
608.642578 12.489392 0.146264  -1.063818
608.740234 12.489392 0.146264  -1.063818
608.837891 12.489392 0.146264  -1.063818
608.935547 12.489392 0.146264  -1.063818
609.033203 12.489392 0.146264  -1.063818
609.130859 12.489392 0.146264  -1.063818
609.228516 12.489392 0.146264  -1.063818
609.326172 12.489392 0.146264  -1.063818
609.423828 12.489392 0.146264  -1.063818
609.521484 12.489392 0.146264  -1.063818
609.619141 12.489392 0.146264  -1.063818
609.716797 12.489392 0.146264  -1.063818
609.814453 12.489392 0.146264  -1.063818
609.912109 12.489392 0.146264  -1.063818
610.009766 12.489392 0.146264  -1.063818
610.107422 12.489392 0.146264  -1.063818
610.205078 12.489392 0.146264  -1.063818
610.302734 12.489392 0.146264  -1.063818
610.400391 12.489392 0.146264  -1.063818
610.498047 12.489392 0.146264  -1.063818
610.595703 12.489392 0.146264  -1.063818
610.693359 12.489392 0.146264  -1.063818
610.791016 12.489392 0.146264  -1.063818
610.888672 12.489392 0.146264  -1.063818
610.986328 12.489392 0.146264  -1.063818
611.083984 12.489392 0.146264  -1.063818
611.181641 12.489392 0.146264  -1.063818
611.279297 12.489392 0.146264  -1.063818
611.376953 12.489392 0.146264  -1.063818
611.474609 12.489392 0.146264  -1.063818
611.572266 12.489392 0.146264  -1.063818
611.669922 12.489392 0.146264  -1.063818
611.767578 12.489392 0.146264  -1.063818
611.865234 12.489392 0.146264  -1.063818
611.962891 12.489392 0.146264  -1.063818
612.060547 12.489392 0.146264  -1.063818
612.158203 12.489392 0.146264  -1.063818
612.255859 12.489392 0.146264  -1.063818
612.353516 12.489392 0.146264  -1.063818
612.451172 12.489392 0.146264  -1.063818
612.548828 12.489392 0.146264  -1.063818
612.646484 12.489392 0.146264  -1.063818
612.744141 12.489392 0.146264  -1.063818
612.841797 12.489392 0.146264  -1.063818
612.939453 12.489392 0.146264  -1.063818
613.037109 12.489392 0.146264  -1.063818
613.134766 12.489392 0.146264  -1.063818
613.232422 12.489392 0.146264  -1.063818
613.330078 12.489392 0.146264  -1.063818
613.427734 12.489392 0.146264  -1.063818
613.525391 12.489392 0.146264  -1.063818
613.623047 12.489392 0.146264  -1.063818
613.720703 12.489392 0.146264  -1.063818
613.818359 12.489392 0.146264  -1.063818
613.916016 12.489392 0.146264  -1.063818
614.013672 12.489392 0.146264  -1.063818
614.111328 12.489392 0.146264  -1.063818
614.208984 12.489392 0.146264  -1.063818
614.306641 12.489392 0.146264  -1.063818
614.404297 12.489392 0.146264  -1.063818
614.501953 12.489392 0.146264  -1.063818
614.599609 12.489392 0.146264  -1.063818
614.697266 12.489392 0.146264  -1.063818
614.794922 12.489392 0.146264  -1.063818
614.892578 12.489392 0.146264  -1.063818
614.990234 12.489392 0.146264  -1.063818
615.087891 12.489392 0.146264  -1.063818
615.185547 12.489392 0.146264  -1.063818
615.283203 12.489392 0.146264  -1.063818
615.380859 12.489392 0.146264  -1.063818
615.478516 12.489392 0.146264  -1.063818
615.576172 12.489392 0.146264  -1.063818
615.673828 12.489392 0.146264  -1.063818
615.771484 12.489392 0.146264  -1.063818
615.869141 12.489392 0.146264  -1.063818
615.966797 12.489392 0.146264  -1.063818
616.064453 12.489392 0.146264  -1.063818
616.162109 12.489392 0.146264  -1.063818
616.259766 12.489392 0.146264  -1.063818
616.357422 12.489392 0.146264  -1.063818
616.455078 12.489392 0.146264  -1.063818
616.552734 12.489392 0.146264  -1.063818
616.650391 12.489392 0.146264  -1.063818
616.748047 12.489392 0.146264  -1.063818
616.845703 12.489392 0.146264  -1.063818
616.943359 12.489392 0.146264  -1.063818
617.041016 12.489392 0.146264  -1.063818
617.138672 12.489392 0.146264  -1.063818
617.236328 12.489392 0.146264  -1.063818
617.333984 12.489392 0.146264  -1.063818
617.431641 12.489392 0.146264  -1.063818
617.529297 12.489392 0.146264  -1.063818
617.626953 12.489392 0.146264  -1.063818
617.724609 12.489392 0.146264  -1.063818
617.822266 12.489392 0.146264  -1.063818
617.919922 12.489392 0.146264  -1.063818
618.017578 12.489392 0.146264  -1.063818
618.115234 12.489392 0.146264  -1.063818
618.212891 12.489392 0.146264  -1.063818
618.310547 12.489392 0.146264  -1.063818
618.408203 12.489392 0.146264  -1.063818
618.505859 12.489392 0.146264  -1.063818
618.603516 12.489392 0.146264  -1.063818
618.701172 12.489392 0.146264  -1.063818
618.798828 12.489392 0.146264  -1.063818
618.896484 12.489392 0.146264  -1.063818
618.994141 12.489392 0.146264  -1.063818
619.091797 12.489392 0.146264  -1.063818
619.189453 12.489392 0.146264  -1.063818
619.287109 12.489392 0.146264  -1.063818
619.384766 12.489392 0.146264  -1.063818
619.482422 12.489392 0.146264  -1.063818
619.580078 12.489392 0.146264  -1.063818
619.677734 12.489392 0.146264  -1.063818
619.775391 12.489392 0.146264  -1.063818
619.873047 12.489392 0.146264  -1.063818
619.970703 12.489392 0.146264  -1.063818
620.068359 12.489392 0.146264  -1.063818
620.166016 12.489392 0.146264  -1.063818
620.263672 12.489392 0.146264  -1.063818
620.361328 12.489392 0.146264  -1.063818
620.458984 12.489392 0.146264  -1.063818
620.556641 12.489392 0.146264  -1.063818
620.654297 12.489392 0.146264  -1.063818
620.751953 12.489392 0.146264  -1.063818
620.849609 12.489392 0.146264  -1.063818
620.947266 12.489392 0.146264  -1.063818
621.044922 12.489392 0.146264  -1.063818
621.142578 12.489392 0.146264  -1.063818
621.240234 12.489392 0.146264  -1.063818
621.337891 12.489392 0.146264  -1.063818
621.435547 12.489392 0.146264  -1.063818
621.533203 12.489392 0.146264  -1.063818
621.630859 12.489392 0.146264  -1.063818
621.728516 12.489392 0.146264  -1.063818
621.826172 12.489392 0.146264  -1.063818
621.923828 12.489392 0.146264  -1.063818
622.021484 12.489392 0.146264  -1.063818
622.119141 12.489392 0.146264  -1.063818
622.216797 12.489392 0.146264  -1.063818
622.314453 12.489392 0.146264  -1.063818
622.412109 12.489392 0.146264  -1.063818
622.509766 12.489392 0.146264  -1.063818
622.607422 12.489392 0.146264  -1.063818
622.705078 12.489392 0.146264  -1.063818
622.802734 12.489392 0.146264  -1.063818
622.900391 12.489392 0.146264  -1.063818
622.998047 12.489392 0.146264  -1.063818
623.095703 12.489392 0.146264  -1.063818
623.193359 12.489392 0.146264  -1.063818
623.291016 12.489392 0.146264  -1.063818
623.388672 12.489392 0.146264  -1.063818
623.486328 12.489392 0.146264  -1.063818
623.583984 12.489392 0.146264  -1.063818
623.681641 12.489392 0.146264  -1.063818
623.779297 12.489392 0.146264  -1.063818
623.876953 12.489392 0.146264  -1.063818
623.974609 12.489392 0.146264  -1.063818
624.072266 12.489392 0.146264  -1.063818
624.169922 12.489392 0.146264  -1.063818
624.267578 12.489392 0.146264  -1.063818
624.365234 12.489392 0.146264  -1.063818
624.462891 12.489392 0.146264  -1.063818
624.560547 12.489392 0.146264  -1.063818
624.658203 12.489392 0.146264  -1.063818
624.755859 12.489392 0.146264  -1.063818
624.853516 12.489392 0.146264  -1.063818
624.951172 12.489392 0.146264  -1.063818
625.048828 12.489392 0.146264  -1.063818
625.146484 12.489392 0.146264  -1.063818
625.244141 12.489392 0.146264  -1.063818
625.341797 12.489392 0.146264  -1.063818
625.439453 12.489392 0.146264  -1.063818
625.537109 12.489392 0.146264  -1.063818
625.634766 12.489392 0.146264  -1.063818
625.732422 12.489392 0.146264  -1.063818
625.830078 12.489392 0.146264  -1.063818
625.927734 12.489392 0.146264  -1.063818
626.025391 12.489392 0.146264  -1.063818
626.123047 12.489392 0.146264  -1.063818
626.220703 12.489392 0.146264  -1.063818
626.318359 12.489392 0.146264  -1.063818
626.416016 12.489392 0.146264  -1.063818
626.513672 12.489392 0.146264  -1.063818
626.611328 12.489392 0.146264  -1.063818
626.708984 12.489392 0.146264  -1.063818
626.806641 12.489392 0.146264  -1.063818
626.904297 12.489392 0.146264  -1.063818
627.001953 12.489392 0.146264  -1.063818
627.099609 12.489392 0.146264  -1.063818
627.197266 12.489392 0.146264  -1.063818
627.294922 12.489392 0.146264  -1.063818
627.392578 12.489392 0.146264  -1.063818
627.490234 12.489392 0.146264  -1.063818
627.587891 12.489392 0.146264  -1.063818
627.685547 12.489392 0.146264  -1.063818
627.783203 12.489392 0.146264  -1.063818
627.880859 12.489392 0.146264  -1.063818
627.978516 12.489392 0.146264  -1.063818
628.076172 12.489392 0.146264  -1.063818
628.173828 12.489392 0.146264  -1.063818
628.271484 12.489392 0.146264  -1.063818
628.369141 12.489392 0.146264  -1.063818
628.466797 12.489392 0.146264  -1.063818
628.564453 12.489392 0.146264  -1.063818
628.662109 12.489392 0.146264  -1.063818
628.759766 12.489392 0.146264  -1.063818
628.857422 12.489392 0.146264  -1.063818
628.955078 12.489392 0.146264  -1.063818
629.052734 12.489392 0.146264  -1.063818
629.150391 12.489392 0.146264  -1.063818
629.248047 12.489392 0.146264  -1.063818
629.345703 12.489392 0.146264  -1.063818
629.443359 12.489392 0.146264  -1.063818
629.541016 12.489392 0.146264  -1.063818
629.638672 12.489392 0.146264  -1.063818
629.736328 12.489392 0.146264  -1.063818
629.833984 12.489392 0.146264  -1.063818
629.931641 12.489392 0.146264  -1.063818
630.029297 12.489392 0.146264  -1.063818
630.126953 12.489392 0.146264  -1.063818
630.224609 12.489392 0.146264  -1.063818
630.322266 12.489392 0.146264  -1.063818
630.419922 12.489392 0.146264  -1.063818
630.517578 12.489392 0.146264  -1.063818
630.615234 12.489392 0.146264  -1.063818
630.712891 12.489392 0.146264  -1.063818
630.810547 12.489392 0.146264  -1.063818
630.908203 12.489392 0.146264  -1.063818
631.005859 12.489392 0.146264  -1.063818
631.103516 12.489392 0.146264  -1.063818
631.201172 12.489392 0.146264  -1.063818
631.298828 12.489392 0.146264  -1.063818
631.396484 12.489392 0.146264  -1.063818
631.494141 12.489392 0.146264  -1.063818
631.591797 12.489392 0.146264  -1.063818
631.689453 12.489392 0.146264  -1.063818
631.787109 12.489392 0.146264  -1.063818
631.884766 12.489392 0.146264  -1.063818
631.982422 12.489392 0.146264  -1.063818
632.080078 12.489392 0.146264  -1.063818
632.177734 12.489392 0.146264  -1.063818
632.275391 12.489392 0.146264  -1.063818
632.373047 12.489392 0.146264  -1.063818
632.470703 12.489392 0.146264  -1.063818
632.568359 12.489392 0.146264  -1.063818
632.666016 12.489392 0.146264  -1.063818
632.763672 12.489392 0.146264  -1.063818
632.861328 12.489392 0.146264  -1.063818
632.958984 12.489392 0.146264  -1.063818
633.056641 12.489392 0.146264  -1.063818
633.154297 12.489392 0.146264  -1.063818
633.251953 12.489392 0.146264  -1.063818
633.349609 12.489392 0.146264  -1.063818
633.447266 12.489392 0.146264  -1.063818
633.544922 12.489392 0.146264  -1.063818
633.642578 12.489392 0.146264  -1.063818
633.740234 12.489392 0.146264  -1.063818
633.837891 12.489392 0.146264  -1.063818
633.935547 12.489392 0.146264  -1.063818
634.033203 12.489392 0.146264  -1.063818
634.130859 12.489392 0.146264  -1.063818
634.228516 12.489392 0.146264  -1.063818
634.326172 12.489392 0.146264  -1.063818
634.423828 12.489392 0.146264  -1.063818
634.521484 12.489392 0.146264  -1.063818
634.619141 12.489392 0.146264  -1.063818
634.716797 12.489392 0.146264  -1.063818
634.814453 12.489392 0.146264  -1.063818
634.912109 12.489392 0.146264  -1.063818
635.009766 12.489392 0.146264  -1.063818
635.107422 12.489392 0.146264  -1.063818
635.205078 12.489392 0.146264  -1.063818
635.302734 12.489392 0.146264  -1.063818
635.400391 12.489392 0.146264  -1.063818
635.498047 12.489392 0.146264  -1.063818
635.595703 12.489392 0.146264  -1.063818
635.693359 12.489392 0.146264  -1.063818
635.791016 12.489392 0.146264  -1.063818
635.888672 12.489392 0.146264  -1.063818
635.986328 12.489392 0.146264  -1.063818
636.083984 12.489392 0.146264  -1.063818
636.181641 12.489392 0.146264  -1.063818
636.279297 12.489392 0.146264  -1.063818
636.376953 12.489392 0.146264  -1.063818
636.474609 12.489392 0.146264  -1.063818
636.572266 12.489392 0.146264  -1.063818
636.669922 12.489392 0.146264  -1.063818
636.767578 12.489392 0.146264  -1.063818
636.865234 12.489392 0.146264  -1.063818
636.962891 12.489392 0.146264  -1.063818
637.060547 12.489392 0.146264  -1.063818
637.158203 12.489392 0.146264  -1.063818
637.255859 12.489392 0.146264  -1.063818
637.353516 12.489392 0.146264  -1.063818
637.451172 12.489392 0.146264  -1.063818
637.548828 12.489392 0.146264  -1.063818
637.646484 12.489392 0.146264  -1.063818
637.744141 12.489392 0.146264  -1.063818
637.841797 12.489392 0.146264  -1.063818
637.939453 12.489392 0.146264  -1.063818
638.037109 12.489392 0.146264  -1.063818
638.134766 12.489392 0.146264  -1.063818
638.232422 12.489392 0.146264  -1.063818
638.330078 12.489392 0.146264  -1.063818
638.427734 12.489392 0.146264  -1.063818
638.525391 12.489392 0.146264  -1.063818
638.623047 12.489392 0.146264  -1.063818
638.720703 12.489392 0.146264  -1.063818
638.818359 12.489392 0.146264  -1.063818
638.916016 12.489392 0.146264  -1.063818
639.013672 12.489392 0.146264  -1.063818
639.111328 12.489392 0.146264  -1.063818
639.208984 12.489392 0.146264  -1.063818
639.306641 12.489392 0.146264  -1.063818
639.404297 12.489392 0.146264  -1.063818
639.501953 12.489392 0.146264  -1.063818
639.599609 12.489392 0.146264  -1.063818
639.697266 12.489392 0.146264  -1.063818
639.794922 12.489392 0.146264  -1.063818
639.892578 12.489392 0.146264  -1.063818
639.990234 12.489392 0.146264  -1.063818
640.087891 12.489392 0.146264  -1.063818
640.185547 12.489392 0.146264  -1.063818
640.283203 12.489392 0.146264  -1.063818
640.380859 12.489392 0.146264  -1.063818
640.478516 12.489392 0.146264  -1.063818
640.576172 12.489392 0.146264  -1.063818
640.673828 12.489392 0.146264  -1.063818
640.771484 12.489392 0.146264  -1.063818
640.869141 12.489392 0.146264  -1.063818
640.966797 12.489392 0.146264  -1.063818
641.064453 12.489392 0.146264  -1.063818
641.162109 12.489392 0.146264  -1.063818
641.259766 12.489392 0.146264  -1.063818
641.357422 12.489392 0.146264  -1.063818
641.455078 12.489392 0.146264  -1.063818
641.552734 12.489392 0.146264  -1.063818
641.650391 12.489392 0.146264  -1.063818
641.748047 12.489392 0.146264  -1.063818
641.845703 12.489392 0.146264  -1.063818
641.943359 12.489392 0.146264  -1.063818
642.041016 12.489392 0.146264  -1.063818
642.138672 12.489392 0.146264  -1.063818
642.236328 12.489392 0.146264  -1.063818
642.333984 12.489392 0.146264  -1.063818
642.431641 12.489392 0.146264  -1.063818
642.529297 12.489392 0.146264  -1.063818
642.626953 12.489392 0.146264  -1.063818
642.724609 12.489392 0.146264  -1.063818
642.822266 12.489392 0.146264  -1.063818
642.919922 12.489392 0.146264  -1.063818
643.017578 12.489392 0.146264  -1.063818
643.115234 12.489392 0.146264  -1.063818
643.212891 12.489392 0.146264  -1.063818
643.310547 12.489392 0.146264  -1.063818
643.408203 12.489392 0.146264  -1.063818
643.505859 12.489392 0.146264  -1.063818
643.603516 12.489392 0.146264  -1.063818
643.701172 12.489392 0.146264  -1.063818
643.798828 12.489392 0.146264  -1.063818
643.896484 12.489392 0.146264  -1.063818
643.994141 12.489392 0.146264  -1.063818
644.091797 12.489392 0.146264  -1.063818
644.189453 12.489392 0.146264  -1.063818
644.287109 12.489392 0.146264  -1.063818
644.384766 12.489392 0.146264  -1.063818
644.482422 12.489392 0.146264  -1.063818
644.580078 12.489392 0.146264  -1.063818
644.677734 12.489392 0.146264  -1.063818
644.775391 12.489392 0.146264  -1.063818
644.873047 12.489392 0.146264  -1.063818
644.970703 12.489392 0.146264  -1.063818
645.068359 12.489392 0.146264  -1.063818
645.166016 12.489392 0.146264  -1.063818
645.263672 12.489392 0.146264  -1.063818
645.361328 12.489392 0.146264  -1.063818
645.458984 12.489392 0.146264  -1.063818
645.556641 12.489392 0.146264  -1.063818
645.654297 12.489392 0.146264  -1.063818
645.751953 12.489392 0.146264  -1.063818
645.849609 12.489392 0.146264  -1.063818
645.947266 12.489392 0.146264  -1.063818
646.044922 12.489392 0.146264  -1.063818
646.142578 12.489392 0.146264  -1.063818
646.240234 12.489392 0.146264  -1.063818
646.337891 12.489392 0.146264  -1.063818
646.435547 12.489392 0.146264  -1.063818
646.533203 12.489392 0.146264  -1.063818
646.630859 12.489392 0.146264  -1.063818
646.728516 12.489392 0.146264  -1.063818
646.826172 12.489392 0.146264  -1.063818
646.923828 12.489392 0.146264  -1.063818
647.021484 12.489392 0.146264  -1.063818
647.119141 12.489392 0.146264  -1.063818
647.216797 12.489392 0.146264  -1.063818
647.314453 12.489392 0.146264  -1.063818
647.412109 12.489392 0.146264  -1.063818
647.509766 12.489392 0.146264  -1.063818
647.607422 12.489392 0.146264  -1.063818
647.705078 12.489392 0.146264  -1.063818
647.802734 12.489392 0.146264  -1.063818
647.900391 12.489392 0.146264  -1.063818
647.998047 12.489392 0.146264  -1.063818
648.095703 12.489392 0.146264  -1.063818
648.193359 12.489392 0.146264  -1.063818
648.291016 12.489392 0.146264  -1.063818
648.388672 12.489392 0.146264  -1.063818
648.486328 12.489392 0.146264  -1.063818
648.583984 12.489392 0.146264  -1.063818
648.681641 12.489392 0.146264  -1.063818
648.779297 12.489392 0.146264  -1.063818
648.876953 12.489392 0.146264  -1.063818
648.974609 12.489392 0.146264  -1.063818
649.072266 12.489392 0.146264  -1.063818
649.169922 12.489392 0.146264  -1.063818
649.267578 12.489392 0.146264  -1.063818
649.365234 12.489392 0.146264  -1.063818
649.462891 12.489392 0.146264  -1.063818
649.560547 12.489392 0.146264  -1.063818
649.658203 12.489392 0.146264  -1.063818
649.755859 12.489392 0.146264  -1.063818
649.853516 12.489392 0.146264  -1.063818
649.951172 12.489392 0.146264  -1.063818
650.048828 12.489392 0.146264  -1.063818
650.146484 12.489392 0.146264  -1.063818
650.244141 12.489392 0.146264  -1.063818
650.341797 12.489392 0.146264  -1.063818
650.439453 12.489392 0.146264  -1.063818
650.537109 12.489392 0.146264  -1.063818
650.634766 12.489392 0.146264  -1.063818
650.732422 12.489392 0.146264  -1.063818
650.830078 12.489392 0.146264  -1.063818
650.927734 12.489392 0.146264  -1.063818
651.025391 12.489392 0.146264  -1.063818
651.123047 12.489392 0.146264  -1.063818
651.220703 12.489392 0.146264  -1.063818
651.318359 12.489392 0.146264  -1.063818
651.416016 12.489392 0.146264  -1.063818
651.513672 12.489392 0.146264  -1.063818
651.611328 12.489392 0.146264  -1.063818
651.708984 12.489392 0.146264  -1.063818
651.806641 12.489392 0.146264  -1.063818
651.904297 12.489392 0.146264  -1.063818
652.001953 12.489392 0.146264  -1.063818
652.099609 12.489392 0.146264  -1.063818
652.197266 12.489392 0.146264  -1.063818
652.294922 12.489392 0.146264  -1.063818
652.392578 12.489392 0.146264  -1.063818
652.490234 12.489392 0.146264  -1.063818
652.587891 12.489392 0.146264  -1.063818
652.685547 12.489392 0.146264  -1.063818
652.783203 12.489392 0.146264  -1.063818
652.880859 12.489392 0.146264  -1.063818
652.978516 12.489392 0.146264  -1.063818
653.076172 12.489392 0.146264  -1.063818
653.173828 12.489392 0.146264  -1.063818
653.271484 12.489392 0.146264  -1.063818
653.369141 12.489392 0.146264  -1.063818
653.466797 12.489392 0.146264  -1.063818
653.564453 12.489392 0.146264  -1.063818
653.662109 12.489392 0.146264  -1.063818
653.759766 12.489392 0.146264  -1.063818
653.857422 12.489392 0.146264  -1.063818
653.955078 12.489392 0.146264  -1.063818
654.052734 12.489392 0.146264  -1.063818
654.150391 12.489392 0.146264  -1.063818
654.248047 12.489392 0.146264  -1.063818
654.345703 12.489392 0.146264  -1.063818
654.443359 12.489392 0.146264  -1.063818
654.541016 12.489392 0.146264  -1.063818
654.638672 12.489392 0.146264  -1.063818
654.736328 12.489392 0.146264  -1.063818
654.833984 12.489392 0.146264  -1.063818
654.931641 12.489392 0.146264  -1.063818
655.029297 12.489392 0.146264  -1.063818
655.126953 12.489392 0.146264  -1.063818
655.224609 12.489392 0.146264  -1.063818
655.322266 12.489392 0.146264  -1.063818
655.419922 12.489392 0.146264  -1.063818
655.517578 12.489392 0.146264  -1.063818
655.615234 12.489392 0.146264  -1.063818
655.712891 12.489392 0.146264  -1.063818
655.810547 12.489392 0.146264  -1.063818
655.908203 12.489392 0.146264  -1.063818
656.005859 12.489392 0.146264  -1.063818
656.103516 12.489392 0.146264  -1.063818
656.201172 12.489392 0.146264  -1.063818
656.298828 12.489392 0.146264  -1.063818
656.396484 12.489392 0.146264  -1.063818
656.494141 12.489392 0.146264  -1.063818
656.591797 12.489392 0.146264  -1.063818
656.689453 12.489392 0.146264  -1.063818
656.787109 12.489392 0.146264  -1.063818
656.884766 12.489392 0.146264  -1.063818
656.982422 12.489392 0.146264  -1.063818
657.080078 12.489392 0.146264  -1.063818
657.177734 12.489392 0.146264  -1.063818
657.275391 12.489392 0.146264  -1.063818
657.373047 12.489392 0.146264  -1.063818
657.470703 12.489392 0.146264  -1.063818
657.568359 12.489392 0.146264  -1.063818
657.666016 12.489392 0.146264  -1.063818
657.763672 12.489392 0.146264  -1.063818
657.861328 12.489392 0.146264  -1.063818
657.958984 12.489392 0.146264  -1.063818
658.056641 12.489392 0.146264  -1.063818
658.154297 12.489392 0.146264  -1.063818
658.251953 12.489392 0.146264  -1.063818
658.349609 12.489392 0.146264  -1.063818
658.447266 12.489392 0.146264  -1.063818
658.544922 12.489392 0.146264  -1.063818
658.642578 12.489392 0.146264  -1.063818
658.740234 12.489392 0.146264  -1.063818
658.837891 12.489392 0.146264  -1.063818
658.935547 12.489392 0.146264  -1.063818
659.033203 12.489392 0.146264  -1.063818
659.130859 12.489392 0.146264  -1.063818
659.228516 12.489392 0.146264  -1.063818
659.326172 12.489392 0.146264  -1.063818
659.423828 12.489392 0.146264  -1.063818
659.521484 12.489392 0.146264  -1.063818
659.619141 12.489392 0.146264  -1.063818
659.716797 12.489392 0.146264  -1.063818
659.814453 12.489392 0.146264  -1.063818
659.912109 12.489392 0.146264  -1.063818
660.009766 12.489392 0.146264  -1.063818
660.107422 12.489392 0.146264  -1.063818
660.205078 12.489392 0.146264  -1.063818
660.302734 12.489392 0.146264  -1.063818
660.400391 12.489392 0.146264  -1.063818
660.498047 12.489392 0.146264  -1.063818
660.595703 12.489392 0.146264  -1.063818
660.693359 12.489392 0.146264  -1.063818
660.791016 12.489392 0.146264  -1.063818
660.888672 12.489392 0.146264  -1.063818
660.986328 12.489392 0.146264  -1.063818
661.083984 12.489392 0.146264  -1.063818
661.181641 12.489392 0.146264  -1.063818
661.279297 12.489392 0.146264  -1.063818
661.376953 12.489392 0.146264  -1.063818
661.474609 12.489392 0.146264  -1.063818
661.572266 12.489392 0.146264  -1.063818
661.669922 12.489392 0.146264  -1.063818
661.767578 12.489392 0.146264  -1.063818
661.865234 12.489392 0.146264  -1.063818
661.962891 12.489392 0.146264  -1.063818
662.060547 12.489392 0.146264  -1.063818
662.158203 12.489392 0.146264  -1.063818
662.255859 12.489392 0.146264  -1.063818
662.353516 12.489392 0.146264  -1.063818
662.451172 12.489392 0.146264  -1.063818
662.548828 12.489392 0.146264  -1.063818
662.646484 12.489392 0.146264  -1.063818
662.744141 12.489392 0.146264  -1.063818
662.841797 12.489392 0.146264  -1.063818
662.939453 12.489392 0.146264  -1.063818
663.037109 12.489392 0.146264  -1.063818
663.134766 12.489392 0.146264  -1.063818
663.232422 12.489392 0.146264  -1.063818
663.330078 12.489392 0.146264  -1.063818
663.427734 12.489392 0.146264  -1.063818
663.525391 12.489392 0.146264  -1.063818
663.623047 12.489392 0.146264  -1.063818
663.720703 12.489392 0.146264  -1.063818
663.818359 12.489392 0.146264  -1.063818
663.916016 12.489392 0.146264  -1.063818
664.013672 12.489392 0.146264  -1.063818
664.111328 12.489392 0.146264  -1.063818
664.208984 12.489392 0.146264  -1.063818
664.306641 12.489392 0.146264  -1.063818
664.404297 12.489392 0.146264  -1.063818
664.501953 12.489392 0.146264  -1.063818
664.599609 12.489392 0.146264  -1.063818
664.697266 12.489392 0.146264  -1.063818
664.794922 12.489392 0.146264  -1.063818
664.892578 12.489392 0.146264  -1.063818
664.990234 12.489392 0.146264  -1.063818
665.087891 12.489392 0.146264  -1.063818
665.185547 12.489392 0.146264  -1.063818
665.283203 12.489392 0.146264  -1.063818
665.380859 12.489392 0.146264  -1.063818
665.478516 12.489392 0.146264  -1.063818
665.576172 12.489392 0.146264  -1.063818
665.673828 12.489392 0.146264  -1.063818
665.771484 12.489392 0.146264  -1.063818
665.869141 12.489392 0.146264  -1.063818
665.966797 12.489392 0.146264  -1.063818
666.064453 12.489392 0.146264  -1.063818
666.162109 12.489392 0.146264  -1.063818
666.259766 12.489392 0.146264  -1.063818
666.357422 12.489392 0.146264  -1.063818
666.455078 12.489392 0.146264  -1.063818
666.552734 12.489392 0.146264  -1.063818
666.650391 12.489392 0.146264  -1.063818
666.748047 12.489392 0.146264  -1.063818
666.845703 12.489392 0.146264  -1.063818
666.943359 12.489392 0.146264  -1.063818
667.041016 12.489392 0.146264  -1.063818
667.138672 12.489392 0.146264  -1.063818
667.236328 12.489392 0.146264  -1.063818
667.333984 12.489392 0.146264  -1.063818
667.431641 12.489392 0.146264  -1.063818
667.529297 12.489392 0.146264  -1.063818
667.626953 12.489392 0.146264  -1.063818
667.724609 12.489392 0.146264  -1.063818
667.822266 12.489392 0.146264  -1.063818
667.919922 12.489392 0.146264  -1.063818
668.017578 12.489392 0.146264  -1.063818
668.115234 12.489392 0.146264  -1.063818
668.212891 12.489392 0.146264  -1.063818
668.310547 12.489392 0.146264  -1.063818
668.408203 12.489392 0.146264  -1.063818
668.505859 12.489392 0.146264  -1.063818
668.603516 12.489392 0.146264  -1.063818
668.701172 12.489392 0.146264  -1.063818
668.798828 12.489392 0.146264  -1.063818
668.896484 12.489392 0.146264  -1.063818
668.994141 12.489392 0.146264  -1.063818
669.091797 12.489392 0.146264  -1.063818
669.189453 12.489392 0.146264  -1.063818
669.287109 12.489392 0.146264  -1.063818
669.384766 12.489392 0.146264  -1.063818
669.482422 12.489392 0.146264  -1.063818
669.580078 12.489392 0.146264  -1.063818
669.677734 12.489392 0.146264  -1.063818
669.775391 12.489392 0.146264  -1.063818
669.873047 12.489392 0.146264  -1.063818
669.970703 12.489392 0.146264  -1.063818
670.068359 12.489392 0.146264  -1.063818
670.166016 12.489392 0.146264  -1.063818
670.263672 12.489392 0.146264  -1.063818
670.361328 12.489392 0.146264  -1.063818
670.458984 12.489392 0.146264  -1.063818
670.556641 12.489392 0.146264  -1.063818
670.654297 12.489392 0.146264  -1.063818
670.751953 12.489392 0.146264  -1.063818
670.849609 12.489392 0.146264  -1.063818
670.947266 12.489392 0.146264  -1.063818
671.044922 12.489392 0.146264  -1.063818
671.142578 12.489392 0.146264  -1.063818
671.240234 12.489392 0.146264  -1.063818
671.337891 12.489392 0.146264  -1.063818
671.435547 12.489392 0.146264  -1.063818
671.533203 12.489392 0.146264  -1.063818
671.630859 12.489392 0.146264  -1.063818
671.728516 12.489392 0.146264  -1.063818
671.826172 12.489392 0.146264  -1.063818
671.923828 12.489392 0.146264  -1.063818
672.021484 12.489392 0.146264  -1.063818
672.119141 12.489392 0.146264  -1.063818
672.216797 12.489392 0.146264  -1.063818
672.314453 12.489392 0.146264  -1.063818
672.412109 12.489392 0.146264  -1.063818
672.509766 12.489392 0.146264  -1.063818
672.607422 12.489392 0.146264  -1.063818
672.705078 12.489392 0.146264  -1.063818
672.802734 12.489392 0.146264  -1.063818
672.900391 12.489392 0.146264  -1.063818
672.998047 12.489392 0.146264  -1.063818
673.095703 12.489392 0.146264  -1.063818
673.193359 12.489392 0.146264  -1.063818
673.291016 12.489392 0.146264  -1.063818
673.388672 12.489392 0.146264  -1.063818
673.486328 12.489392 0.146264  -1.063818
673.583984 12.489392 0.146264  -1.063818
673.681641 12.489392 0.146264  -1.063818
673.779297 12.489392 0.146264  -1.063818
673.876953 12.489392 0.146264  -1.063818
673.974609 12.489392 0.146264  -1.063818
674.072266 12.489392 0.146264  -1.063818
674.169922 12.489392 0.146264  -1.063818
674.267578 12.489392 0.146264  -1.063818
674.365234 12.489392 0.146264  -1.063818
674.462891 12.489392 0.146264  -1.063818
674.560547 12.489392 0.146264  -1.063818
674.658203 12.489392 0.146264  -1.063818
674.755859 12.489392 0.146264  -1.063818
674.853516 12.489392 0.146264  -1.063818
674.951172 12.489392 0.146264  -1.063818
675.048828 12.489392 0.146264  -1.063818
675.146484 12.489392 0.146264  -1.063818
675.244141 12.489392 0.146264  -1.063818
675.341797 12.489392 0.146264  -1.063818
675.439453 12.489392 0.146264  -1.063818
675.537109 12.489392 0.146264  -1.063818
675.634766 12.489392 0.146264  -1.063818
675.732422 12.489392 0.146264  -1.063818
675.830078 12.489392 0.146264  -1.063818
675.927734 12.489392 0.146264  -1.063818
676.025391 12.489392 0.146264  -1.063818
676.123047 12.489392 0.146264  -1.063818
676.220703 12.489392 0.146264  -1.063818
676.318359 12.489392 0.146264  -1.063818
676.416016 12.489392 0.146264  -1.063818
676.513672 12.489392 0.146264  -1.063818
676.611328 12.489392 0.146264  -1.063818
676.708984 12.489392 0.146264  -1.063818
676.806641 12.489392 0.146264  -1.063818
676.904297 12.489392 0.146264  -1.063818
677.001953 12.489392 0.146264  -1.063818
677.099609 12.489392 0.146264  -1.063818
677.197266 12.489392 0.146264  -1.063818
677.294922 12.489392 0.146264  -1.063818
677.392578 12.489392 0.146264  -1.063818
677.490234 12.489392 0.146264  -1.063818
677.587891 12.489392 0.146264  -1.063818
677.685547 12.489392 0.146264  -1.063818
677.783203 12.489392 0.146264  -1.063818
677.880859 12.489392 0.146264  -1.063818
677.978516 12.489392 0.146264  -1.063818
678.076172 12.489392 0.146264  -1.063818
678.173828 12.489392 0.146264  -1.063818
678.271484 12.489392 0.146264  -1.063818
678.369141 12.489392 0.146264  -1.063818
678.466797 12.489392 0.146264  -1.063818
678.564453 12.489392 0.146264  -1.063818
678.662109 12.489392 0.146264  -1.063818
678.759766 12.489392 0.146264  -1.063818
678.857422 12.489392 0.146264  -1.063818
678.955078 12.489392 0.146264  -1.063818
679.052734 12.489392 0.146264  -1.063818
679.150391 12.489392 0.146264  -1.063818
679.248047 12.489392 0.146264  -1.063818
679.345703 12.489392 0.146264  -1.063818
679.443359 12.489392 0.146264  -1.063818
679.541016 12.489392 0.146264  -1.063818
679.638672 12.489392 0.146264  -1.063818
679.736328 12.489392 0.146264  -1.063818
679.833984 12.489392 0.146264  -1.063818
679.931641 12.489392 0.146264  -1.063818
680.029297 12.489392 0.146264  -1.063818
680.126953 12.489392 0.146264  -1.063818
680.224609 12.489392 0.146264  -1.063818
680.322266 12.489392 0.146264  -1.063818
680.419922 12.489392 0.146264  -1.063818
680.517578 12.489392 0.146264  -1.063818
680.615234 12.489392 0.146264  -1.063818
680.712891 12.489392 0.146264  -1.063818
680.810547 12.489392 0.146264  -1.063818
680.908203 12.489392 0.146264  -1.063818
681.005859 12.489392 0.146264  -1.063818
681.103516 12.489392 0.146264  -1.063818
681.201172 12.489392 0.146264  -1.063818
681.298828 12.489392 0.146264  -1.063818
681.396484 12.489392 0.146264  -1.063818
681.494141 12.489392 0.146264  -1.063818
681.591797 12.489392 0.146264  -1.063818
681.689453 12.489392 0.146264  -1.063818
681.787109 12.489392 0.146264  -1.063818
681.884766 12.489392 0.146264  -1.063818
681.982422 12.489392 0.146264  -1.063818
682.080078 12.489392 0.146264  -1.063818
682.177734 12.489392 0.146264  -1.063818
682.275391 12.489392 0.146264  -1.063818
682.373047 12.489392 0.146264  -1.063818
682.470703 12.489392 0.146264  -1.063818
682.568359 12.489392 0.146264  -1.063818
682.666016 12.489392 0.146264  -1.063818
682.763672 12.489392 0.146264  -1.063818
682.861328 12.489392 0.146264  -1.063818
682.958984 12.489392 0.146264  -1.063818
683.056641 12.489392 0.146264  -1.063818
683.154297 12.489392 0.146264  -1.063818
683.251953 12.489392 0.146264  -1.063818
683.349609 12.489392 0.146264  -1.063818
683.447266 12.489392 0.146264  -1.063818
683.544922 12.489392 0.146264  -1.063818
683.642578 12.489392 0.146264  -1.063818
683.740234 12.489392 0.146264  -1.063818
683.837891 12.489392 0.146264  -1.063818
683.935547 12.489392 0.146264  -1.063818
684.033203 12.489392 0.146264  -1.063818
684.130859 12.489392 0.146264  -1.063818
684.228516 12.489392 0.146264  -1.063818
684.326172 12.489392 0.146264  -1.063818
684.423828 12.489392 0.146264  -1.063818
684.521484 12.489392 0.146264  -1.063818
684.619141 12.489392 0.146264  -1.063818
684.716797 12.489392 0.146264  -1.063818
684.814453 12.489392 0.146264  -1.063818
684.912109 12.489392 0.146264  -1.063818
685.009766 12.489392 0.146264  -1.063818
685.107422 12.489392 0.146264  -1.063818
685.205078 12.489392 0.146264  -1.063818
685.302734 12.489392 0.146264  -1.063818
685.400391 12.489392 0.146264  -1.063818
685.498047 12.489392 0.146264  -1.063818
685.595703 12.489392 0.146264  -1.063818
685.693359 12.489392 0.146264  -1.063818
685.791016 12.489392 0.146264  -1.063818
685.888672 12.489392 0.146264  -1.063818
685.986328 12.489392 0.146264  -1.063818
686.083984 12.489392 0.146264  -1.063818
686.181641 12.489392 0.146264  -1.063818
686.279297 12.489392 0.146264  -1.063818
686.376953 12.489392 0.146264  -1.063818
686.474609 12.489392 0.146264  -1.063818
686.572266 12.489392 0.146264  -1.063818
686.669922 12.489392 0.146264  -1.063818
686.767578 12.489392 0.146264  -1.063818
686.865234 12.489392 0.146264  -1.063818
686.962891 12.489392 0.146264  -1.063818
687.060547 12.489392 0.146264  -1.063818
687.158203 12.489392 0.146264  -1.063818
687.255859 12.489392 0.146264  -1.063818
687.353516 12.489392 0.146264  -1.063818
687.451172 12.489392 0.146264  -1.063818
687.548828 12.489392 0.146264  -1.063818
687.646484 12.489392 0.146264  -1.063818
687.744141 12.489392 0.146264  -1.063818
687.841797 12.489392 0.146264  -1.063818
687.939453 12.489392 0.146264  -1.063818
688.037109 12.489392 0.146264  -1.063818
688.134766 12.489392 0.146264  -1.063818
688.232422 12.489392 0.146264  -1.063818
688.330078 12.489392 0.146264  -1.063818
688.427734 12.489392 0.146264  -1.063818
688.525391 12.489392 0.146264  -1.063818
688.623047 12.489392 0.146264  -1.063818
688.720703 12.489392 0.146264  -1.063818
688.818359 12.489392 0.146264  -1.063818
688.916016 12.489392 0.146264  -1.063818
689.013672 12.489392 0.146264  -1.063818
689.111328 12.489392 0.146264  -1.063818
689.208984 12.489392 0.146264  -1.063818
689.306641 12.489392 0.146264  -1.063818
689.404297 12.489392 0.146264  -1.063818
689.501953 12.489392 0.146264  -1.063818
689.599609 12.489392 0.146264  -1.063818
689.697266 12.489392 0.146264  -1.063818
689.794922 12.489392 0.146264  -1.063818
689.892578 12.489392 0.146264  -1.063818
689.990234 12.489392 0.146264  -1.063818
690.087891 12.489392 0.146264  -1.063818
690.185547 12.489392 0.146264  -1.063818
690.283203 12.489392 0.146264  -1.063818
690.380859 12.489392 0.146264  -1.063818
690.478516 12.489392 0.146264  -1.063818
690.576172 12.489392 0.146264  -1.063818
690.673828 12.489392 0.146264  -1.063818
690.771484 12.489392 0.146264  -1.063818
690.869141 12.489392 0.146264  -1.063818
690.966797 12.489392 0.146264  -1.063818
691.064453 12.489392 0.146264  -1.063818
691.162109 12.489392 0.146264  -1.063818
691.259766 12.489392 0.146264  -1.063818
691.357422 12.489392 0.146264  -1.063818
691.455078 12.489392 0.146264  -1.063818
691.552734 12.489392 0.146264  -1.063818
691.650391 12.489392 0.146264  -1.063818
691.748047 12.489392 0.146264  -1.063818
691.845703 12.489392 0.146264  -1.063818
691.943359 12.489392 0.146264  -1.063818
692.041016 12.489392 0.146264  -1.063818
692.138672 12.489392 0.146264  -1.063818
692.236328 12.489392 0.146264  -1.063818
692.333984 12.489392 0.146264  -1.063818
692.431641 12.489392 0.146264  -1.063818
692.529297 12.489392 0.146264  -1.063818
692.626953 12.489392 0.146264  -1.063818
692.724609 12.489392 0.146264  -1.063818
692.822266 12.489392 0.146264  -1.063818
692.919922 12.489392 0.146264  -1.063818
693.017578 12.489392 0.146264  -1.063818
693.115234 12.489392 0.146264  -1.063818
693.212891 12.489392 0.146264  -1.063818
693.310547 12.489392 0.146264  -1.063818
693.408203 12.489392 0.146264  -1.063818
693.505859 12.489392 0.146264  -1.063818
693.603516 12.489392 0.146264  -1.063818
693.701172 12.489392 0.146264  -1.063818
693.798828 12.489392 0.146264  -1.063818
693.896484 12.489392 0.146264  -1.063818
693.994141 12.489392 0.146264  -1.063818
694.091797 12.489392 0.146264  -1.063818
694.189453 12.489392 0.146264  -1.063818
694.287109 12.489392 0.146264  -1.063818
694.384766 12.489392 0.146264  -1.063818
694.482422 12.489392 0.146264  -1.063818
694.580078 12.489392 0.146264  -1.063818
694.677734 12.489392 0.146264  -1.063818
694.775391 12.489392 0.146264  -1.063818
694.873047 12.489392 0.146264  -1.063818
694.970703 12.489392 0.146264  -1.063818
695.068359 12.489392 0.146264  -1.063818
695.166016 12.489392 0.146264  -1.063818
695.263672 12.489392 0.146264  -1.063818
695.361328 12.489392 0.146264  -1.063818
695.458984 12.489392 0.146264  -1.063818
695.556641 12.489392 0.146264  -1.063818
695.654297 12.489392 0.146264  -1.063818
695.751953 12.489392 0.146264  -1.063818
695.849609 12.489392 0.146264  -1.063818
695.947266 12.489392 0.146264  -1.063818
696.044922 12.489392 0.146264  -1.063818
696.142578 12.489392 0.146264  -1.063818
696.240234 12.489392 0.146264  -1.063818
696.337891 12.489392 0.146264  -1.063818
696.435547 12.489392 0.146264  -1.063818
696.533203 12.489392 0.146264  -1.063818
696.630859 12.489392 0.146264  -1.063818
696.728516 12.489392 0.146264  -1.063818
696.826172 12.489392 0.146264  -1.063818
696.923828 12.489392 0.146264  -1.063818
697.021484 12.489392 0.146264  -1.063818
697.119141 12.489392 0.146264  -1.063818
697.216797 12.489392 0.146264  -1.063818
697.314453 12.489392 0.146264  -1.063818
697.412109 12.489392 0.146264  -1.063818
697.509766 12.489392 0.146264  -1.063818
697.607422 12.489392 0.146264  -1.063818
697.705078 12.489392 0.146264  -1.063818
697.802734 12.489392 0.146264  -1.063818
697.900391 12.489392 0.146264  -1.063818
697.998047 12.489392 0.146264  -1.063818
698.095703 12.489392 0.146264  -1.063818
698.193359 12.489392 0.146264  -1.063818
698.291016 12.489392 0.146264  -1.063818
698.388672 12.489392 0.146264  -1.063818
698.486328 12.489392 0.146264  -1.063818
698.583984 12.489392 0.146264  -1.063818
698.681641 12.489392 0.146264  -1.063818
698.779297 12.489392 0.146264  -1.063818
698.876953 12.489392 0.146264  -1.063818
698.974609 12.489392 0.146264  -1.063818
699.072266 12.489392 0.146264  -1.063818
699.169922 12.489392 0.146264  -1.063818
699.267578 12.489392 0.146264  -1.063818
699.365234 12.489392 0.146264  -1.063818
699.462891 12.489392 0.146264  -1.063818
699.560547 12.489392 0.146264  -1.063818
699.658203 12.489392 0.146264  -1.063818
699.755859 12.489392 0.146264  -1.063818
699.853516 12.489392 0.146264  -1.063818
699.951172 12.489392 0.146264  -1.063818
700.048828 12.489392 0.146264  -1.063818
700.146484 12.489392 0.146264  -1.063818
700.244141 12.489392 0.146264  -1.063818
700.341797 12.489392 0.146264  -1.063818
700.439453 12.489392 0.146264  -1.063818
700.537109 12.489392 0.146264  -1.063818
700.634766 12.489392 0.146264  -1.063818
700.732422 12.489392 0.146264  -1.063818
700.830078 12.489392 0.146264  -1.063818
700.927734 12.489392 0.146264  -1.063818
701.025391 12.489392 0.146264  -1.063818
701.123047 12.489392 0.146264  -1.063818
701.220703 12.489392 0.146264  -1.063818
701.318359 12.489392 0.146264  -1.063818
701.416016 12.489392 0.146264  -1.063818
701.513672 12.489392 0.146264  -1.063818
701.611328 12.489392 0.146264  -1.063818
701.708984 12.489392 0.146264  -1.063818
701.806641 12.489392 0.146264  -1.063818
701.904297 12.489392 0.146264  -1.063818
702.001953 12.489392 0.146264  -1.063818
702.099609 12.489392 0.146264  -1.063818
702.197266 12.489392 0.146264  -1.063818
702.294922 12.489392 0.146264  -1.063818
702.392578 12.489392 0.146264  -1.063818
702.490234 12.489392 0.146264  -1.063818
702.587891 12.489392 0.146264  -1.063818
702.685547 12.489392 0.146264  -1.063818
702.783203 12.489392 0.146264  -1.063818
702.880859 12.489392 0.146264  -1.063818
702.978516 12.489392 0.146264  -1.063818
703.076172 12.489392 0.146264  -1.063818
703.173828 12.489392 0.146264  -1.063818
703.271484 12.489392 0.146264  -1.063818
703.369141 12.489392 0.146264  -1.063818
703.466797 12.489392 0.146264  -1.063818
703.564453 12.489392 0.146264  -1.063818
703.662109 12.489392 0.146264  -1.063818
703.759766 12.489392 0.146264  -1.063818
703.857422 12.489392 0.146264  -1.063818
703.955078 12.489392 0.146264  -1.063818
704.052734 12.489392 0.146264  -1.063818
704.150391 12.489392 0.146264  -1.063818
704.248047 12.489392 0.146264  -1.063818
704.345703 12.489392 0.146264  -1.063818
704.443359 12.489392 0.146264  -1.063818
704.541016 12.489392 0.146264  -1.063818
704.638672 12.489392 0.146264  -1.063818
704.736328 12.489392 0.146264  -1.063818
704.833984 12.489392 0.146264  -1.063818
704.931641 12.489392 0.146264  -1.063818
705.029297 12.489392 0.146264  -1.063818
705.126953 12.489392 0.146264  -1.063818
705.224609 12.489392 0.146264  -1.063818
705.322266 12.489392 0.146264  -1.063818
705.419922 12.489392 0.146264  -1.063818
705.517578 12.489392 0.146264  -1.063818
705.615234 12.489392 0.146264  -1.063818
705.712891 12.489392 0.146264  -1.063818
705.810547 12.489392 0.146264  -1.063818
705.908203 12.489392 0.146264  -1.063818
706.005859 12.489392 0.146264  -1.063818
706.103516 12.489392 0.146264  -1.063818
706.201172 12.489392 0.146264  -1.063818
706.298828 12.489392 0.146264  -1.063818
706.396484 12.489392 0.146264  -1.063818
706.494141 12.489392 0.146264  -1.063818
706.591797 12.489392 0.146264  -1.063818
706.689453 12.489392 0.146264  -1.063818
706.787109 12.489392 0.146264  -1.063818
706.884766 12.489392 0.146264  -1.063818
706.982422 12.489392 0.146264  -1.063818
707.080078 12.489392 0.146264  -1.063818
707.177734 12.489392 0.146264  -1.063818
707.275391 12.489392 0.146264  -1.063818
707.373047 12.489392 0.146264  -1.063818
707.470703 12.489392 0.146264  -1.063818
707.568359 12.489392 0.146264  -1.063818
707.666016 12.489392 0.146264  -1.063818
707.763672 12.489392 0.146264  -1.063818
707.861328 12.489392 0.146264  -1.063818
707.958984 12.489392 0.146264  -1.063818
708.056641 12.489392 0.146264  -1.063818
708.154297 12.489392 0.146264  -1.063818
708.251953 12.489392 0.146264  -1.063818
708.349609 12.489392 0.146264  -1.063818
708.447266 12.489392 0.146264  -1.063818
708.544922 12.489392 0.146264  -1.063818
708.642578 12.489392 0.146264  -1.063818
708.740234 12.489392 0.146264  -1.063818
708.837891 12.489392 0.146264  -1.063818
708.935547 12.489392 0.146264  -1.063818
709.033203 12.489392 0.146264  -1.063818
709.130859 12.489392 0.146264  -1.063818
709.228516 12.489392 0.146264  -1.063818
709.326172 12.489392 0.146264  -1.063818
709.423828 12.489392 0.146264  -1.063818
709.521484 12.489392 0.146264  -1.063818
709.619141 12.489392 0.146264  -1.063818
709.716797 12.489392 0.146264  -1.063818
709.814453 12.489392 0.146264  -1.063818
709.912109 12.489392 0.146264  -1.063818
710.009766 12.489392 0.146264  -1.063818
710.107422 12.489392 0.146264  -1.063818
710.205078 12.489392 0.146264  -1.063818
710.302734 12.489392 0.146264  -1.063818
710.400391 12.489392 0.146264  -1.063818
710.498047 12.489392 0.146264  -1.063818
710.595703 12.489392 0.146264  -1.063818
710.693359 12.489392 0.146264  -1.063818
710.791016 12.489392 0.146264  -1.063818
710.888672 12.489392 0.146264  -1.063818
710.986328 12.489392 0.146264  -1.063818
711.083984 12.489392 0.146264  -1.063818
711.181641 12.489392 0.146264  -1.063818
711.279297 12.489392 0.146264  -1.063818
711.376953 12.489392 0.146264  -1.063818
711.474609 12.489392 0.146264  -1.063818
711.572266 12.489392 0.146264  -1.063818
711.669922 12.489392 0.146264  -1.063818
711.767578 12.489392 0.146264  -1.063818
711.865234 12.489392 0.146264  -1.063818
711.962891 12.489392 0.146264  -1.063818
712.060547 12.489392 0.146264  -1.063818
712.158203 12.489392 0.146264  -1.063818
712.255859 12.489392 0.146264  -1.063818
712.353516 12.489392 0.146264  -1.063818
712.451172 12.489392 0.146264  -1.063818
712.548828 12.489392 0.146264  -1.063818
712.646484 12.489392 0.146264  -1.063818
712.744141 12.489392 0.146264  -1.063818
712.841797 12.489392 0.146264  -1.063818
712.939453 12.489392 0.146264  -1.063818
713.037109 12.489392 0.146264  -1.063818
713.134766 12.489392 0.146264  -1.063818
713.232422 12.489392 0.146264  -1.063818
713.330078 12.489392 0.146264  -1.063818
713.427734 12.489392 0.146264  -1.063818
713.525391 12.489392 0.146264  -1.063818
713.623047 12.489392 0.146264  -1.063818
713.720703 12.489392 0.146264  -1.063818
713.818359 12.489392 0.146264  -1.063818
713.916016 12.489392 0.146264  -1.063818
714.013672 12.489392 0.146264  -1.063818
714.111328 12.489392 0.146264  -1.063818
714.208984 12.489392 0.146264  -1.063818
714.306641 12.489392 0.146264  -1.063818
714.404297 12.489392 0.146264  -1.063818
714.501953 12.489392 0.146264  -1.063818
714.599609 12.489392 0.146264  -1.063818
714.697266 12.489392 0.146264  -1.063818
714.794922 12.489392 0.146264  -1.063818
714.892578 12.489392 0.146264  -1.063818
714.990234 12.489392 0.146264  -1.063818
715.087891 12.489392 0.146264  -1.063818
715.185547 12.489392 0.146264  -1.063818
715.283203 12.489392 0.146264  -1.063818
715.380859 12.489392 0.146264  -1.063818
715.478516 12.489392 0.146264  -1.063818
715.576172 12.489392 0.146264  -1.063818
715.673828 12.489392 0.146264  -1.063818
715.771484 12.489392 0.146264  -1.063818
715.869141 12.489392 0.146264  -1.063818
715.966797 12.489392 0.146264  -1.063818
716.064453 12.489392 0.146264  -1.063818
716.162109 12.489392 0.146264  -1.063818
716.259766 12.489392 0.146264  -1.063818
716.357422 12.489392 0.146264  -1.063818
716.455078 12.489392 0.146264  -1.063818
716.552734 12.489392 0.146264  -1.063818
716.650391 12.489392 0.146264  -1.063818
716.748047 12.489392 0.146264  -1.063818
716.845703 12.489392 0.146264  -1.063818
716.943359 12.489392 0.146264  -1.063818
717.041016 12.489392 0.146264  -1.063818
717.138672 12.489392 0.146264  -1.063818
717.236328 12.489392 0.146264  -1.063818
717.333984 12.489392 0.146264  -1.063818
717.431641 12.489392 0.146264  -1.063818
717.529297 12.489392 0.146264  -1.063818
717.626953 12.489392 0.146264  -1.063818
717.724609 12.489392 0.146264  -1.063818
717.822266 12.489392 0.146264  -1.063818
717.919922 12.489392 0.146264  -1.063818
718.017578 12.489392 0.146264  -1.063818
718.115234 12.489392 0.146264  -1.063818
718.212891 12.489392 0.146264  -1.063818
718.310547 12.489392 0.146264  -1.063818
718.408203 12.489392 0.146264  -1.063818
718.505859 12.489392 0.146264  -1.063818
718.603516 12.489392 0.146264  -1.063818
718.701172 12.489392 0.146264  -1.063818
718.798828 12.489392 0.146264  -1.063818
718.896484 12.489392 0.146264  -1.063818
718.994141 12.489392 0.146264  -1.063818
719.091797 12.489392 0.146264  -1.063818
719.189453 12.489392 0.146264  -1.063818
719.287109 12.489392 0.146264  -1.063818
719.384766 12.489392 0.146264  -1.063818
719.482422 12.489392 0.146264  -1.063818
719.580078 12.489392 0.146264  -1.063818
719.677734 12.489392 0.146264  -1.063818
719.775391 12.489392 0.146264  -1.063818
719.873047 12.489392 0.146264  -1.063818
719.970703 12.489392 0.146264  -1.063818
720.068359 12.489392 0.146264  -1.063818
720.166016 12.489392 0.146264  -1.063818
720.263672 12.489392 0.146264  -1.063818
720.361328 12.489392 0.146264  -1.063818
720.458984 12.489392 0.146264  -1.063818
720.556641 12.489392 0.146264  -1.063818
720.654297 12.489392 0.146264  -1.063818
720.751953 12.489392 0.146264  -1.063818
720.849609 12.489392 0.146264  -1.063818
720.947266 12.489392 0.146264  -1.063818
721.044922 12.489392 0.146264  -1.063818
721.142578 12.489392 0.146264  -1.063818
721.240234 12.489392 0.146264  -1.063818
721.337891 12.489392 0.146264  -1.063818
721.435547 12.489392 0.146264  -1.063818
721.533203 12.489392 0.146264  -1.063818
721.630859 12.489392 0.146264  -1.063818
721.728516 12.489392 0.146264  -1.063818
721.826172 12.489392 0.146264  -1.063818
721.923828 12.489392 0.146264  -1.063818
722.021484 12.489392 0.146264  -1.063818
722.119141 12.489392 0.146264  -1.063818
722.216797 12.489392 0.146264  -1.063818
722.314453 12.489392 0.146264  -1.063818
722.412109 12.489392 0.146264  -1.063818
722.509766 12.489392 0.146264  -1.063818
722.607422 12.489392 0.146264  -1.063818
722.705078 12.489392 0.146264  -1.063818
722.802734 12.489392 0.146264  -1.063818
722.900391 12.489392 0.146264  -1.063818
722.998047 12.489392 0.146264  -1.063818
723.095703 12.489392 0.146264  -1.063818
723.193359 12.489392 0.146264  -1.063818
723.291016 12.489392 0.146264  -1.063818
723.388672 12.489392 0.146264  -1.063818
723.486328 12.489392 0.146264  -1.063818
723.583984 12.489392 0.146264  -1.063818
723.681641 12.489392 0.146264  -1.063818
723.779297 12.489392 0.146264  -1.063818
723.876953 12.489392 0.146264  -1.063818
723.974609 12.489392 0.146264  -1.063818
724.072266 12.489392 0.146264  -1.063818
724.169922 12.489392 0.146264  -1.063818
724.267578 12.489392 0.146264  -1.063818
724.365234 12.489392 0.146264  -1.063818
724.462891 12.489392 0.146264  -1.063818
724.560547 12.489392 0.146264  -1.063818
724.658203 12.489392 0.146264  -1.063818
724.755859 12.489392 0.146264  -1.063818
724.853516 12.489392 0.146264  -1.063818
724.951172 12.489392 0.146264  -1.063818
725.048828 12.489392 0.146264  -1.063818
725.146484 12.489392 0.146264  -1.063818
725.244141 12.489392 0.146264  -1.063818
725.341797 12.489392 0.146264  -1.063818
725.439453 12.489392 0.146264  -1.063818
725.537109 12.489392 0.146264  -1.063818
725.634766 12.489392 0.146264  -1.063818
725.732422 12.489392 0.146264  -1.063818
725.830078 12.489392 0.146264  -1.063818
725.927734 12.489392 0.146264  -1.063818
726.025391 12.489392 0.146264  -1.063818
726.123047 12.489392 0.146264  -1.063818
726.220703 12.489392 0.146264  -1.063818
726.318359 12.489392 0.146264  -1.063818
726.416016 12.489392 0.146264  -1.063818
726.513672 12.489392 0.146264  -1.063818
726.611328 12.489392 0.146264  -1.063818
726.708984 12.489392 0.146264  -1.063818
726.806641 12.489392 0.146264  -1.063818
726.904297 12.489392 0.146264  -1.063818
727.001953 12.489392 0.146264  -1.063818
727.099609 12.489392 0.146264  -1.063818
727.197266 12.489392 0.146264  -1.063818
727.294922 12.489392 0.146264  -1.063818
727.392578 12.489392 0.146264  -1.063818
727.490234 12.489392 0.146264  -1.063818
727.587891 12.489392 0.146264  -1.063818
727.685547 12.489392 0.146264  -1.063818
727.783203 12.489392 0.146264  -1.063818
727.880859 12.489392 0.146264  -1.063818
727.978516 12.489392 0.146264  -1.063818
728.076172 12.489392 0.146264  -1.063818
728.173828 12.489392 0.146264  -1.063818
728.271484 12.489392 0.146264  -1.063818
728.369141 12.489392 0.146264  -1.063818
728.466797 12.489392 0.146264  -1.063818
728.564453 12.489392 0.146264  -1.063818
728.662109 12.489392 0.146264  -1.063818
728.759766 12.489392 0.146264  -1.063818
728.857422 12.489392 0.146264  -1.063818
728.955078 12.489392 0.146264  -1.063818
729.052734 12.489392 0.146264  -1.063818
729.150391 12.489392 0.146264  -1.063818
729.248047 12.489392 0.146264  -1.063818
729.345703 12.489392 0.146264  -1.063818
729.443359 12.489392 0.146264  -1.063818
729.541016 12.489392 0.146264  -1.063818
729.638672 12.489392 0.146264  -1.063818
729.736328 12.489392 0.146264  -1.063818
729.833984 12.489392 0.146264  -1.063818
729.931641 12.489392 0.146264  -1.063818
730.029297 12.489392 0.146264  -1.063818
730.126953 12.489392 0.146264  -1.063818
730.224609 12.489392 0.146264  -1.063818
730.322266 12.489392 0.146264  -1.063818
730.419922 12.489392 0.146264  -1.063818
730.517578 12.489392 0.146264  -1.063818
730.615234 12.489392 0.146264  -1.063818
730.712891 12.489392 0.146264  -1.063818
730.810547 12.489392 0.146264  -1.063818
730.908203 12.489392 0.146264  -1.063818
731.005859 12.489392 0.146264  -1.063818
731.103516 12.489392 0.146264  -1.063818
731.201172 12.489392 0.146264  -1.063818
731.298828 12.489392 0.146264  -1.063818
731.396484 12.489392 0.146264  -1.063818
731.494141 12.489392 0.146264  -1.063818
731.591797 12.489392 0.146264  -1.063818
731.689453 12.489392 0.146264  -1.063818
731.787109 12.489392 0.146264  -1.063818
731.884766 12.489392 0.146264  -1.063818
731.982422 12.489392 0.146264  -1.063818
732.080078 12.489392 0.146264  -1.063818
732.177734 12.489392 0.146264  -1.063818
732.275391 12.489392 0.146264  -1.063818
732.373047 12.489392 0.146264  -1.063818
732.470703 12.489392 0.146264  -1.063818
732.568359 12.489392 0.146264  -1.063818
732.666016 12.489392 0.146264  -1.063818
732.763672 12.489392 0.146264  -1.063818
732.861328 12.489392 0.146264  -1.063818
732.958984 12.489392 0.146264  -1.063818
733.056641 12.489392 0.146264  -1.063818
733.154297 12.489392 0.146264  -1.063818
733.251953 12.489392 0.146264  -1.063818
733.349609 12.489392 0.146264  -1.063818
733.447266 12.489392 0.146264  -1.063818
733.544922 12.489392 0.146264  -1.063818
733.642578 12.489392 0.146264  -1.063818
733.740234 12.489392 0.146264  -1.063818
733.837891 12.489392 0.146264  -1.063818
733.935547 12.489392 0.146264  -1.063818
734.033203 12.489392 0.146264  -1.063818
734.130859 12.489392 0.146264  -1.063818
734.228516 12.489392 0.146264  -1.063818
734.326172 12.489392 0.146264  -1.063818
734.423828 12.489392 0.146264  -1.063818
734.521484 12.489392 0.146264  -1.063818
734.619141 12.489392 0.146264  -1.063818
734.716797 12.489392 0.146264  -1.063818
734.814453 12.489392 0.146264  -1.063818
734.912109 12.489392 0.146264  -1.063818
735.009766 12.489392 0.146264  -1.063818
735.107422 12.489392 0.146264  -1.063818
735.205078 12.489392 0.146264  -1.063818
735.302734 12.489392 0.146264  -1.063818
735.400391 12.489392 0.146264  -1.063818
735.498047 12.489392 0.146264  -1.063818
735.595703 12.489392 0.146264  -1.063818
735.693359 12.489392 0.146264  -1.063818
735.791016 12.489392 0.146264  -1.063818
735.888672 12.489392 0.146264  -1.063818
735.986328 12.489392 0.146264  -1.063818
736.083984 12.489392 0.146264  -1.063818
736.181641 12.489392 0.146264  -1.063818
736.279297 12.489392 0.146264  -1.063818
736.376953 12.489392 0.146264  -1.063818
736.474609 12.489392 0.146264  -1.063818
736.572266 12.489392 0.146264  -1.063818
736.669922 12.489392 0.146264  -1.063818
736.767578 12.489392 0.146264  -1.063818
736.865234 12.489392 0.146264  -1.063818
736.962891 12.489392 0.146264  -1.063818
737.060547 12.489392 0.146264  -1.063818
737.158203 12.489392 0.146264  -1.063818
737.255859 12.489392 0.146264  -1.063818
737.353516 12.489392 0.146264  -1.063818
737.451172 12.489392 0.146264  -1.063818
737.548828 12.489392 0.146264  -1.063818
737.646484 12.489392 0.146264  -1.063818
737.744141 12.489392 0.146264  -1.063818
737.841797 12.489392 0.146264  -1.063818
737.939453 12.489392 0.146264  -1.063818
738.037109 12.489392 0.146264  -1.063818
738.134766 12.489392 0.146264  -1.063818
738.232422 12.489392 0.146264  -1.063818
738.330078 12.489392 0.146264  -1.063818
738.427734 12.489392 0.146264  -1.063818
738.525391 12.489392 0.146264  -1.063818
738.623047 12.489392 0.146264  -1.063818
738.720703 12.489392 0.146264  -1.063818
738.818359 12.489392 0.146264  -1.063818
738.916016 12.489392 0.146264  -1.063818
739.013672 12.489392 0.146264  -1.063818
739.111328 12.489392 0.146264  -1.063818
739.208984 12.489392 0.146264  -1.063818
739.306641 12.489392 0.146264  -1.063818
739.404297 12.489392 0.146264  -1.063818
739.501953 12.489392 0.146264  -1.063818
739.599609 12.489392 0.146264  -1.063818
739.697266 12.489392 0.146264  -1.063818
739.794922 12.489392 0.146264  -1.063818
739.892578 12.489392 0.146264  -1.063818
739.990234 12.489392 0.146264  -1.063818
740.087891 12.489392 0.146264  -1.063818
740.185547 12.489392 0.146264  -1.063818
740.283203 12.489392 0.146264  -1.063818
740.380859 12.489392 0.146264  -1.063818
740.478516 12.489392 0.146264  -1.063818
740.576172 12.489392 0.146264  -1.063818
740.673828 12.489392 0.146264  -1.063818
740.771484 12.489392 0.146264  -1.063818
740.869141 12.489392 0.146264  -1.063818
740.966797 12.489392 0.146264  -1.063818
741.064453 12.489392 0.146264  -1.063818
741.162109 12.489392 0.146264  -1.063818
741.259766 12.489392 0.146264  -1.063818
741.357422 12.489392 0.146264  -1.063818
741.455078 12.489392 0.146264  -1.063818
741.552734 12.489392 0.146264  -1.063818
741.650391 12.489392 0.146264  -1.063818
741.748047 12.489392 0.146264  -1.063818
741.845703 12.489392 0.146264  -1.063818
741.943359 12.489392 0.146264  -1.063818
742.041016 12.489392 0.146264  -1.063818
742.138672 12.489392 0.146264  -1.063818
742.236328 12.489392 0.146264  -1.063818
742.333984 12.489392 0.146264  -1.063818
742.431641 12.489392 0.146264  -1.063818
742.529297 12.489392 0.146264  -1.063818
742.626953 12.489392 0.146264  -1.063818
742.724609 12.489392 0.146264  -1.063818
742.822266 12.489392 0.146264  -1.063818
742.919922 12.489392 0.146264  -1.063818
743.017578 12.489392 0.146264  -1.063818
743.115234 12.489392 0.146264  -1.063818
743.212891 12.489392 0.146264  -1.063818
743.310547 12.489392 0.146264  -1.063818
743.408203 12.489392 0.146264  -1.063818
743.505859 12.489392 0.146264  -1.063818
743.603516 12.489392 0.146264  -1.063818
743.701172 12.489392 0.146264  -1.063818
743.798828 12.489392 0.146264  -1.063818
743.896484 12.489392 0.146264  -1.063818
743.994141 12.489392 0.146264  -1.063818
744.091797 12.489392 0.146264  -1.063818
744.189453 12.489392 0.146264  -1.063818
744.287109 12.489392 0.146264  -1.063818
744.384766 12.489392 0.146264  -1.063818
744.482422 12.489392 0.146264  -1.063818
744.580078 12.489392 0.146264  -1.063818
744.677734 12.489392 0.146264  -1.063818
744.775391 12.489392 0.146264  -1.063818
744.873047 12.489392 0.146264  -1.063818
744.970703 12.489392 0.146264  -1.063818
745.068359 12.489392 0.146264  -1.063818
745.166016 12.489392 0.146264  -1.063818
745.263672 12.489392 0.146264  -1.063818
745.361328 12.489392 0.146264  -1.063818
745.458984 12.489392 0.146264  -1.063818
745.556641 12.489392 0.146264  -1.063818
745.654297 12.489392 0.146264  -1.063818
745.751953 12.489392 0.146264  -1.063818
745.849609 12.489392 0.146264  -1.063818
745.947266 12.489392 0.146264  -1.063818
746.044922 12.489392 0.146264  -1.063818
746.142578 12.489392 0.146264  -1.063818
746.240234 12.489392 0.146264  -1.063818
746.337891 12.489392 0.146264  -1.063818
746.435547 12.489392 0.146264  -1.063818
746.533203 12.489392 0.146264  -1.063818
746.630859 12.489392 0.146264  -1.063818
746.728516 12.489392 0.146264  -1.063818
746.826172 12.489392 0.146264  -1.063818
746.923828 12.489392 0.146264  -1.063818
747.021484 12.489392 0.146264  -1.063818
747.119141 12.489392 0.146264  -1.063818
747.216797 12.489392 0.146264  -1.063818
747.314453 12.489392 0.146264  -1.063818
747.412109 12.489392 0.146264  -1.063818
747.509766 12.489392 0.146264  -1.063818
747.607422 12.489392 0.146264  -1.063818
747.705078 12.489392 0.146264  -1.063818
747.802734 12.489392 0.146264  -1.063818
747.900391 12.489392 0.146264  -1.063818
747.998047 12.489392 0.146264  -1.063818
748.095703 12.489392 0.146264  -1.063818
748.193359 12.489392 0.146264  -1.063818
748.291016 12.489392 0.146264  -1.063818
748.388672 12.489392 0.146264  -1.063818
748.486328 12.489392 0.146264  -1.063818
748.583984 12.489392 0.146264  -1.063818
748.681641 12.489392 0.146264  -1.063818
748.779297 12.489392 0.146264  -1.063818
748.876953 12.489392 0.146264  -1.063818
748.974609 12.489392 0.146264  -1.063818
749.072266 12.489392 0.146264  -1.063818
749.169922 12.489392 0.146264  -1.063818
749.267578 12.489392 0.146264  -1.063818
749.365234 12.489392 0.146264  -1.063818
749.462891 12.489392 0.146264  -1.063818
749.560547 12.489392 0.146264  -1.063818
749.658203 12.489392 0.146264  -1.063818
749.755859 12.489392 0.146264  -1.063818
749.853516 12.489392 0.146264  -1.063818
749.951172 12.489392 0.146264  -1.063818
