freqs     stokes_i  stokes_q  stokes_u 
550.048828 13.416739 -0.036970 -0.349675
550.146484 13.415745 -0.036796 -0.349756
550.244141 13.414750 -0.036621 -0.349837
550.341797 13.413756 -0.036447 -0.349918
550.439453 13.412763 -0.036273 -0.349998
550.537109 13.411769 -0.036099 -0.350079
550.634766 13.410775 -0.035926 -0.350160
550.732422 13.409782 -0.035753 -0.350240
550.830078 13.408789 -0.035580 -0.350320
550.927734 13.407796 -0.035407 -0.350400
551.025391 13.406803 -0.035235 -0.350480
551.123047 13.405811 -0.035063 -0.350560
551.220703 13.404819 -0.034891 -0.350640
551.318359 13.403826 -0.034719 -0.350719
551.416016 13.402834 -0.034548 -0.350798
551.513672 13.401843 -0.034377 -0.350878
551.611328 13.400851 -0.034206 -0.350957
551.708984 13.399860 -0.034036 -0.351036
551.806641 13.398869 -0.033866 -0.351115
551.904297 13.397878 -0.033696 -0.351194
552.001953 13.396887 -0.033526 -0.351272
552.099609 13.395896 -0.033357 -0.351351
552.197266 13.394906 -0.033187 -0.351429
552.294922 13.393916 -0.033018 -0.351508
552.392578 13.392926 -0.032850 -0.351586
552.490234 13.391936 -0.032681 -0.351664
552.587891 13.390946 -0.032513 -0.351742
552.685547 13.389957 -0.032345 -0.351819
552.783203 13.388968 -0.032178 -0.351897
552.880859 13.387978 -0.032011 -0.351975
552.978516 13.386990 -0.031843 -0.352052
553.076172 13.386001 -0.031677 -0.352129
553.173828 13.385012 -0.031510 -0.352207
553.271484 13.384024 -0.031344 -0.352284
553.369141 13.383036 -0.031178 -0.352361
553.466797 13.382048 -0.031012 -0.352437
553.564453 13.381060 -0.030847 -0.352514
553.662109 13.380073 -0.030681 -0.352591
553.759766 13.379086 -0.030516 -0.352667
553.857422 13.378098 -0.030352 -0.352743
553.955078 13.377111 -0.030187 -0.352820
554.052734 13.376125 -0.030023 -0.352896
554.150391 13.375138 -0.029859 -0.352972
554.248047 13.374152 -0.029695 -0.353048
554.345703 13.373165 -0.029532 -0.353123
554.443359 13.372179 -0.029369 -0.353199
554.541016 13.371194 -0.029206 -0.353275
554.638672 13.370208 -0.029043 -0.353350
554.736328 13.369223 -0.028881 -0.353425
554.833984 13.368237 -0.028718 -0.353501
554.931641 13.367252 -0.028556 -0.353576
555.029297 13.366267 -0.028395 -0.353651
555.126953 13.365283 -0.028233 -0.353726
555.224609 13.364298 -0.028072 -0.353800
555.322266 13.363314 -0.027911 -0.353875
555.419922 13.362330 -0.027751 -0.353950
555.517578 13.361346 -0.027590 -0.354024
555.615234 13.360362 -0.027430 -0.354098
555.712891 13.359379 -0.027270 -0.354173
555.810547 13.358395 -0.027111 -0.354247
555.908203 13.357412 -0.026951 -0.354321
556.005859 13.356429 -0.026792 -0.354395
556.103516 13.355446 -0.026633 -0.354468
556.201172 13.354464 -0.026474 -0.354542
556.298828 13.353481 -0.026316 -0.354616
556.396484 13.352499 -0.026158 -0.354689
556.494141 13.351517 -0.026000 -0.354762
556.591797 13.350535 -0.025842 -0.354836
556.689453 13.349554 -0.025685 -0.354909
556.787109 13.348572 -0.025528 -0.354982
556.884766 13.347591 -0.025371 -0.355055
556.982422 13.346610 -0.025214 -0.355128
557.080078 13.345629 -0.025058 -0.355200
557.177734 13.344648 -0.024902 -0.355273
557.275391 13.343668 -0.024746 -0.355346
557.373047 13.342688 -0.024590 -0.355418
557.470703 13.341707 -0.024435 -0.355490
557.568359 13.340728 -0.024280 -0.355563
557.666016 13.339748 -0.024125 -0.355635
557.763672 13.338768 -0.023970 -0.355707
557.861328 13.337789 -0.023816 -0.355779
557.958984 13.336810 -0.023661 -0.355851
558.056641 13.335831 -0.023507 -0.355922
558.154297 13.334852 -0.023354 -0.355994
558.251953 13.333873 -0.023200 -0.356065
558.349609 13.332895 -0.023047 -0.356137
558.447266 13.331916 -0.022894 -0.356208
558.544922 13.330938 -0.022741 -0.356280
558.642578 13.329961 -0.022589 -0.356351
558.740234 13.328983 -0.022437 -0.356422
558.837891 13.328005 -0.022285 -0.356493
558.935547 13.327028 -0.022133 -0.356564
559.033203 13.326051 -0.021981 -0.356634
559.130859 13.325074 -0.021830 -0.356705
559.228516 13.324097 -0.021679 -0.356776
559.326172 13.323121 -0.021528 -0.356846
559.423828 13.322144 -0.021378 -0.356917
559.521484 13.321168 -0.021227 -0.356987
559.619141 13.320192 -0.021077 -0.357057
559.716797 13.319216 -0.020927 -0.357127
559.814453 13.318241 -0.020778 -0.357197
559.912109 13.317265 -0.020628 -0.357267
560.009766 13.316290 -0.020479 -0.357337
560.107422 13.315315 -0.020330 -0.357407
560.205078 13.314340 -0.020182 -0.357476
560.302734 13.313365 -0.020033 -0.357546
560.400391 13.312391 -0.019885 -0.357615
560.498047 13.311417 -0.019737 -0.357685
560.595703 13.310442 -0.019589 -0.357754
560.693359 13.309468 -0.019442 -0.357823
560.791016 13.308495 -0.019294 -0.357893
560.888672 13.307521 -0.019147 -0.357962
560.986328 13.306548 -0.019001 -0.358031
561.083984 13.305575 -0.018854 -0.358099
561.181641 13.304602 -0.018708 -0.358168
561.279297 13.303629 -0.018562 -0.358237
561.376953 13.302656 -0.018416 -0.358306
561.474609 13.301684 -0.018270 -0.358374
561.572266 13.300711 -0.018125 -0.358443
561.669922 13.299739 -0.017980 -0.358511
561.767578 13.298767 -0.017835 -0.358579
561.865234 13.297796 -0.017690 -0.358647
561.962891 13.296824 -0.017546 -0.358715
562.060547 13.295853 -0.017401 -0.358783
562.158203 13.294882 -0.017257 -0.358851
562.255859 13.293911 -0.017114 -0.358919
562.353516 13.292940 -0.016970 -0.358987
562.451172 13.291969 -0.016827 -0.359055
562.548828 13.290999 -0.016684 -0.359122
562.646484 13.290029 -0.016541 -0.359190
562.744141 13.289059 -0.016398 -0.359257
562.841797 13.288089 -0.016256 -0.359325
562.939453 13.287119 -0.016113 -0.359392
563.037109 13.286150 -0.015971 -0.359459
563.134766 13.285180 -0.015830 -0.359526
563.232422 13.284211 -0.015688 -0.359593
563.330078 13.283242 -0.015547 -0.359660
563.427734 13.282274 -0.015406 -0.359727
563.525391 13.281305 -0.015265 -0.359794
563.623047 13.280337 -0.015125 -0.359861
563.720703 13.279368 -0.014984 -0.359927
563.818359 13.278400 -0.014844 -0.359994
563.916016 13.277433 -0.014704 -0.360060
564.013672 13.276465 -0.014564 -0.360127
564.111328 13.275497 -0.014425 -0.360193
564.208984 13.274530 -0.014286 -0.360260
564.306641 13.273563 -0.014147 -0.360326
564.404297 13.272596 -0.014008 -0.360392
564.501953 13.271629 -0.013869 -0.360458
564.599609 13.270663 -0.013731 -0.360524
564.697266 13.269697 -0.013593 -0.360590
564.794922 13.268730 -0.013455 -0.360656
564.892578 13.267764 -0.013317 -0.360721
564.990234 13.266799 -0.013179 -0.360787
565.087891 13.265833 -0.013042 -0.360853
565.185547 13.264868 -0.012905 -0.360918
565.283203 13.263902 -0.012768 -0.360984
565.380859 13.262937 -0.012632 -0.361049
565.478516 13.261972 -0.012495 -0.361114
565.576172 13.261008 -0.012359 -0.361179
565.673828 13.260043 -0.012223 -0.361245
565.771484 13.259079 -0.012087 -0.361310
565.869141 13.258115 -0.011952 -0.361375
565.966797 13.257151 -0.011817 -0.361440
566.064453 13.256187 -0.011682 -0.361505
566.162109 13.255223 -0.011547 -0.361569
566.259766 13.254260 -0.011412 -0.361634
566.357422 13.253297 -0.011278 -0.361699
566.455078 13.252334 -0.011143 -0.361763
566.552734 13.251371 -0.011009 -0.361828
566.650391 13.250408 -0.010876 -0.361892
566.748047 13.249446 -0.010742 -0.361957
566.845703 13.248483 -0.010609 -0.362021
566.943359 13.247521 -0.010475 -0.362085
567.041016 13.246559 -0.010342 -0.362150
567.138672 13.245597 -0.010210 -0.362214
567.236328 13.244636 -0.010077 -0.362278
567.333984 13.243674 -0.009945 -0.362342
567.431641 13.242713 -0.009813 -0.362406
567.529297 13.241752 -0.009681 -0.362469
567.626953 13.240791 -0.009549 -0.362533
567.724609 13.239831 -0.009418 -0.362597
567.822266 13.238870 -0.009287 -0.362661
567.919922 13.237910 -0.009155 -0.362724
568.017578 13.236950 -0.009025 -0.362788
568.115234 13.235990 -0.008894 -0.362851
568.212891 13.235030 -0.008764 -0.362915
568.310547 13.234070 -0.008633 -0.362978
568.408203 13.233111 -0.008503 -0.363041
568.505859 13.232152 -0.008374 -0.363104
568.603516 13.231193 -0.008244 -0.363168
568.701172 13.230234 -0.008115 -0.363231
568.798828 13.229275 -0.007986 -0.363294
568.896484 13.228317 -0.007857 -0.363357
568.994141 13.227358 -0.007728 -0.363419
569.091797 13.226400 -0.007599 -0.363482
569.189453 13.225442 -0.007471 -0.363545
569.287109 13.224485 -0.007343 -0.363608
569.384766 13.223527 -0.007215 -0.363670
569.482422 13.222570 -0.007087 -0.363733
569.580078 13.221612 -0.006960 -0.363795
569.677734 13.220655 -0.006832 -0.363858
569.775391 13.219699 -0.006705 -0.363920
569.873047 13.218742 -0.006578 -0.363983
569.970703 13.217785 -0.006452 -0.364045
570.068359 13.216829 -0.006325 -0.364107
570.166016 13.215873 -0.006199 -0.364169
570.263672 13.214917 -0.006073 -0.364231
570.361328 13.213961 -0.005947 -0.364293
570.458984 13.213006 -0.005821 -0.364355
570.556641 13.212050 -0.005696 -0.364417
570.654297 13.211095 -0.005570 -0.364479
570.751953 13.210140 -0.005445 -0.364541
570.849609 13.209185 -0.005320 -0.364603
570.947266 13.208230 -0.005196 -0.364664
571.044922 13.207276 -0.005071 -0.364726
571.142578 13.206321 -0.004947 -0.364788
571.240234 13.205367 -0.004823 -0.364849
571.337891 13.204413 -0.004699 -0.364911
571.435547 13.203459 -0.004575 -0.364972
571.533203 13.202506 -0.004452 -0.365033
571.630859 13.201552 -0.004328 -0.365095
571.728516 13.200599 -0.004205 -0.365156
571.826172 13.199646 -0.004082 -0.365217
571.923828 13.198693 -0.003960 -0.365278
572.021484 13.197740 -0.003837 -0.365339
572.119141 13.196788 -0.003715 -0.365400
572.216797 13.195836 -0.003593 -0.365461
572.314453 13.194883 -0.003471 -0.365522
572.412109 13.193931 -0.003349 -0.365583
572.509766 13.192980 -0.003227 -0.365644
572.607422 13.192028 -0.003106 -0.365705
572.705078 13.191076 -0.002985 -0.365765
572.802734 13.190125 -0.002864 -0.365826
572.900391 13.189174 -0.002743 -0.365887
572.998047 13.188223 -0.002623 -0.365947
573.095703 13.187272 -0.002502 -0.366008
573.193359 13.186322 -0.002382 -0.366068
573.291016 13.185371 -0.002262 -0.366128
573.388672 13.184421 -0.002142 -0.366189
573.486328 13.183471 -0.002023 -0.366249
573.583984 13.182521 -0.001903 -0.366309
573.681641 13.181572 -0.001784 -0.366369
573.779297 13.180622 -0.001665 -0.366429
573.876953 13.179673 -0.001546 -0.366490
573.974609 13.178724 -0.001427 -0.366550
574.072266 13.177775 -0.001309 -0.366610
574.169922 13.176826 -0.001191 -0.366669
574.267578 13.175877 -0.001072 -0.366729
574.365234 13.174929 -0.000955 -0.366789
574.462891 13.173981 -0.000837 -0.366849
574.560547 13.173033 -0.000719 -0.366909
574.658203 13.172085 -0.000602 -0.366968
574.755859 13.171137 -0.000485 -0.367028
574.853516 13.170190 -0.000368 -0.367087
574.951172 13.169242 -0.000251 -0.367147
575.048828 13.168295 -0.000134 -0.367206
575.146484 13.167348 -0.000018 -0.367266
575.244141 13.166401 0.000098  -0.367325
575.341797 13.165455 0.000214  -0.367385
575.439453 13.164508 0.000330  -0.367444
575.537109 13.163562 0.000446  -0.367503
575.634766 13.162616 0.000561  -0.367562
575.732422 13.161670 0.000677  -0.367621
575.830078 13.160724 0.000792  -0.367681
575.927734 13.159778 0.000907  -0.367740
576.025391 13.158833 0.001021  -0.367799
576.123047 13.157888 0.001136  -0.367858
576.220703 13.156943 0.001250  -0.367916
576.318359 13.155998 0.001365  -0.367975
576.416016 13.155053 0.001479  -0.368034
576.513672 13.154109 0.001593  -0.368093
576.611328 13.153164 0.001706  -0.368152
576.708984 13.152220 0.001820  -0.368210
576.806641 13.151276 0.001933  -0.368269
576.904297 13.150332 0.002046  -0.368328
577.001953 13.149389 0.002159  -0.368386
577.099609 13.148445 0.002272  -0.368445
577.197266 13.147502 0.002384  -0.368503
577.294922 13.146559 0.002497  -0.368561
577.392578 13.145616 0.002609  -0.368620
577.490234 13.144673 0.002721  -0.368678
577.587891 13.143731 0.002833  -0.368736
577.685547 13.142788 0.002945  -0.368795
577.783203 13.141846 0.003056  -0.368853
577.880859 13.140904 0.003168  -0.368911
577.978516 13.139962 0.003279  -0.368969
578.076172 13.139020 0.003390  -0.369027
578.173828 13.138079 0.003501  -0.369085
578.271484 13.137137 0.003611  -0.369143
578.369141 13.136196 0.003722  -0.369201
578.466797 13.135255 0.003832  -0.369259
578.564453 13.134315 0.003942  -0.369317
578.662109 13.133374 0.004052  -0.369375
578.759766 13.132433 0.004162  -0.369433
578.857422 13.131493 0.004271  -0.369490
578.955078 13.130553 0.004381  -0.369548
579.052734 13.129613 0.004490  -0.369606
579.150391 13.128673 0.004599  -0.369663
579.248047 13.127734 0.004708  -0.369721
579.345703 13.126794 0.004817  -0.369778
579.443359 13.125855 0.004925  -0.369836
579.541016 13.124916 0.005034  -0.369893
579.638672 13.123977 0.005142  -0.369951
579.736328 13.123038 0.005250  -0.370008
579.833984 13.122100 0.005358  -0.370065
579.931641 13.121162 0.005466  -0.370123
580.029297 13.120223 0.005573  -0.370180
580.126953 13.119285 0.005681  -0.370237
580.224609 13.118348 0.005788  -0.370294
580.322266 13.117410 0.005895  -0.370351
580.419922 13.116472 0.006002  -0.370409
580.517578 13.115535 0.006108  -0.370466
580.615234 13.114598 0.006215  -0.370523
580.712891 13.113661 0.006321  -0.370580
580.810547 13.112724 0.006427  -0.370637
580.908203 13.111788 0.006533  -0.370693
581.005859 13.110851 0.006639  -0.370750
581.103516 13.109915 0.006745  -0.370807
581.201172 13.108979 0.006851  -0.370864
581.298828 13.108043 0.006956  -0.370921
581.396484 13.107107 0.007061  -0.370977
581.494141 13.106172 0.007166  -0.371034
581.591797 13.105236 0.007271  -0.371091
581.689453 13.104301 0.007376  -0.371147
581.787109 13.103366 0.007480  -0.371204
581.884766 13.102431 0.007585  -0.371260
581.982422 13.101496 0.007689  -0.371317
582.080078 13.100562 0.007793  -0.371373
582.177734 13.099627 0.007897  -0.371430
582.275391 13.098693 0.008001  -0.371486
582.373047 13.097759 0.008104  -0.371543
582.470703 13.096825 0.008208  -0.371599
582.568359 13.095892 0.008311  -0.371655
582.666016 13.094958 0.008414  -0.371711
582.763672 13.094025 0.008517  -0.371768
582.861328 13.093092 0.008620  -0.371824
582.958984 13.092159 0.008722  -0.371880
583.056641 13.091226 0.008825  -0.371936
583.154297 13.090293 0.008927  -0.371992
583.251953 13.089361 0.009029  -0.372048
583.349609 13.088429 0.009131  -0.372104
583.447266 13.087497 0.009233  -0.372160
583.544922 13.086565 0.009334  -0.372216
583.642578 13.085633 0.009436  -0.372272
583.740234 13.084701 0.009537  -0.372328
583.837891 13.083770 0.009638  -0.372384
583.935547 13.082839 0.009739  -0.372439
584.033203 13.081908 0.009840  -0.372495
584.130859 13.080977 0.009941  -0.372551
584.228516 13.080046 0.010041  -0.372607
584.326172 13.079116 0.010142  -0.372662
584.423828 13.078185 0.010242  -0.372718
584.521484 13.077255 0.010342  -0.372773
584.619141 13.076325 0.010442  -0.372829
584.716797 13.075395 0.010542  -0.372885
584.814453 13.074465 0.010641  -0.372940
584.912109 13.073536 0.010741  -0.372996
585.009766 13.072607 0.010840  -0.373051
585.107422 13.071677 0.010939  -0.373106
585.205078 13.070748 0.011038  -0.373162
585.302734 13.069820 0.011137  -0.373217
585.400391 13.068891 0.011236  -0.373272
585.498047 13.067963 0.011334  -0.373328
585.595703 13.067034 0.011433  -0.373383
585.693359 13.066106 0.011531  -0.373438
585.791016 13.065178 0.011629  -0.373493
585.888672 13.064250 0.011727  -0.373549
585.986328 13.063323 0.011825  -0.373604
586.083984 13.062395 0.011922  -0.373659
586.181641 13.061468 0.012020  -0.373714
586.279297 13.060541 0.012117  -0.373769
586.376953 13.059614 0.012214  -0.373824
586.474609 13.058687 0.012311  -0.373879
586.572266 13.057761 0.012408  -0.373934
586.669922 13.056834 0.012505  -0.373989
586.767578 13.055908 0.012602  -0.374044
586.865234 13.054982 0.012698  -0.374098
586.962891 13.054056 0.012794  -0.374153
587.060547 13.053130 0.012890  -0.374208
587.158203 13.052205 0.012986  -0.374263
587.255859 13.051279 0.013082  -0.374318
587.353516 13.050354 0.013178  -0.374372
587.451172 13.049429 0.013274  -0.374427
587.548828 13.048504 0.013369  -0.374482
587.646484 13.047579 0.013464  -0.374536
587.744141 13.046655 0.013559  -0.374591
587.841797 13.045730 0.013654  -0.374645
587.939453 13.044806 0.013749  -0.374700
588.037109 13.043882 0.013844  -0.374754
588.134766 13.042958 0.013938  -0.374809
588.232422 13.042035 0.014033  -0.374863
588.330078 13.041111 0.014127  -0.374918
588.427734 13.040188 0.014221  -0.374972
588.525391 13.039265 0.014315  -0.375026
588.623047 13.038342 0.014409  -0.375081
588.720703 13.037419 0.014503  -0.375135
588.818359 13.036496 0.014596  -0.375189
588.916016 13.035574 0.014690  -0.375244
589.013672 13.034651 0.014783  -0.375298
589.111328 13.033729 0.014876  -0.375352
589.208984 13.032807 0.014969  -0.375406
589.306641 13.031885 0.015062  -0.375460
589.404297 13.030964 0.015154  -0.375514
589.501953 13.030042 0.015247  -0.375569
589.599609 13.029121 0.015339  -0.375623
589.697266 13.028200 0.015432  -0.375677
589.794922 13.027279 0.015524  -0.375731
589.892578 13.026358 0.015616  -0.375785
589.990234 13.025437 0.015708  -0.375839
590.087891 13.024517 0.015799  -0.375893
590.185547 13.023597 0.015891  -0.375946
590.283203 13.022677 0.015982  -0.376000
590.380859 13.021757 0.016074  -0.376054
590.478516 13.020837 0.016165  -0.376108
590.576172 13.019917 0.016256  -0.376162
590.673828 13.018998 0.016347  -0.376216
590.771484 13.018078 0.016437  -0.376269
590.869141 13.017159 0.016528  -0.376323
590.966797 13.016240 0.016619  -0.376377
591.064453 13.015322 0.016709  -0.376430
591.162109 13.014403 0.016799  -0.376484
591.259766 13.013485 0.016889  -0.376538
591.357422 13.012566 0.016979  -0.376591
591.455078 13.011648 0.017069  -0.376645
591.552734 13.010730 0.017159  -0.376698
591.650391 13.009813 0.017248  -0.376752
591.748047 13.008895 0.017338  -0.376805
591.845703 13.007978 0.017427  -0.376859
591.943359 13.007060 0.017516  -0.376912
592.041016 13.006143 0.017605  -0.376966
592.138672 13.005226 0.017694  -0.377019
592.236328 13.004310 0.017783  -0.377073
592.333984 13.003393 0.017871  -0.377126
592.431641 13.002477 0.017960  -0.377179
592.529297 13.001560 0.018048  -0.377233
592.626953 13.000644 0.018136  -0.377286
592.724609 12.999728 0.018224  -0.377339
592.822266 12.998813 0.018312  -0.377392
592.919922 12.997897 0.018400  -0.377445
593.017578 12.996982 0.018488  -0.377499
593.115234 12.996066 0.018575  -0.377552
593.212891 12.995151 0.018663  -0.377605
593.310547 12.994236 0.018750  -0.377658
593.408203 12.993322 0.018837  -0.377711
593.505859 12.992407 0.018924  -0.377764
593.603516 12.991493 0.019011  -0.377817
593.701172 12.990578 0.019098  -0.377870
593.798828 12.989664 0.019185  -0.377923
593.896484 12.988750 0.019271  -0.377976
593.994141 12.987837 0.019358  -0.378029
594.091797 12.986923 0.019444  -0.378082
594.189453 12.986010 0.019530  -0.378135
594.287109 12.985097 0.019616  -0.378188
594.384766 12.984184 0.019702  -0.378241
594.482422 12.983271 0.019788  -0.378294
594.580078 12.982358 0.019874  -0.378346
594.677734 12.981445 0.019959  -0.378399
594.775391 12.980533 0.020045  -0.378452
594.873047 12.979621 0.020130  -0.378505
594.970703 12.978709 0.020215  -0.378558
595.068359 12.977797 0.020300  -0.378610
595.166016 12.976885 0.020385  -0.378663
595.263672 12.975973 0.020470  -0.378716
595.361328 12.975062 0.020554  -0.378768
595.458984 12.974151 0.020639  -0.378821
595.556641 12.973240 0.020723  -0.378873
595.654297 12.972329 0.020808  -0.378926
595.751953 12.971418 0.020892  -0.378979
595.849609 12.970508 0.020976  -0.379031
595.947266 12.969597 0.021060  -0.379084
596.044922 12.968687 0.021144  -0.379136
596.142578 12.967777 0.021227  -0.379189
596.240234 12.966867 0.021311  -0.379241
596.337891 12.965957 0.021394  -0.379294
596.435547 12.965048 0.021478  -0.379346
596.533203 12.964138 0.021561  -0.379398
596.630859 12.963229 0.021644  -0.379451
596.728516 12.962320 0.021727  -0.379503
596.826172 12.961411 0.021810  -0.379555
596.923828 12.960502 0.021893  -0.379608
597.021484 12.959594 0.021975  -0.379660
597.119141 12.958685 0.022058  -0.379712
597.216797 12.957777 0.022140  -0.379764
597.314453 12.956869 0.022222  -0.379817
597.412109 12.955961 0.022305  -0.379869
597.509766 12.955053 0.022387  -0.379921
597.607422 12.954146 0.022469  -0.379973
597.705078 12.953238 0.022550  -0.380025
597.802734 12.952331 0.022632  -0.380077
597.900391 12.951424 0.022714  -0.380130
597.998047 12.950517 0.022795  -0.380182
598.095703 12.949610 0.022876  -0.380234
598.193359 12.948704 0.022958  -0.380286
598.291016 12.947797 0.023039  -0.380338
598.388672 12.946891 0.023120  -0.380390
598.486328 12.945985 0.023201  -0.380442
598.583984 12.945079 0.023281  -0.380494
598.681641 12.944173 0.023362  -0.380546
598.779297 12.943268 0.023443  -0.380598
598.876953 12.942362 0.023523  -0.380650
598.974609 12.941457 0.023603  -0.380701
599.072266 12.940552 0.023683  -0.380753
599.169922 12.939647 0.023764  -0.380805
599.267578 12.938742 0.023844  -0.380857
599.365234 12.937838 0.023923  -0.380909
599.462891 12.936933 0.024003  -0.380961
599.560547 12.936029 0.024083  -0.381012
599.658203 12.935125 0.024162  -0.381064
599.755859 12.934221 0.024242  -0.381116
599.853516 12.933317 0.024321  -0.381168
599.951172 12.932413 0.024400  -0.381219
600.048828 12.931510 0.024479  -0.381271
600.146484 12.930607 0.024558  -0.381323
600.244141 12.929703 0.024637  -0.381374
600.341797 12.928800 0.024716  -0.381426
600.439453 12.927898 0.024795  -0.381478
600.537109 12.926995 0.024873  -0.381529
600.634766 12.926092 0.024952  -0.381581
600.732422 12.925190 0.025030  -0.381632
600.830078 12.924288 0.025108  -0.381684
600.927734 12.923386 0.025186  -0.381735
601.025391 12.922484 0.025264  -0.381787
601.123047 12.921583 0.025342  -0.381838
601.220703 12.920681 0.025420  -0.381890
601.318359 12.919780 0.025498  -0.381941
601.416016 12.918879 0.025575  -0.381993
601.513672 12.917977 0.025653  -0.382044
601.611328 12.917077 0.025730  -0.382095
601.708984 12.916176 0.025807  -0.382147
601.806641 12.915275 0.025885  -0.382198
601.904297 12.914375 0.025962  -0.382250
602.001953 12.913475 0.026039  -0.382301
602.099609 12.912575 0.026115  -0.382352
602.197266 12.911675 0.026192  -0.382403
602.294922 12.910775 0.026269  -0.382455
602.392578 12.909876 0.026345  -0.382506
602.490234 12.908976 0.026422  -0.382557
602.587891 12.908077 0.026498  -0.382608
602.685547 12.907178 0.026574  -0.382660
602.783203 12.906279 0.026650  -0.382711
602.880859 12.905380 0.026726  -0.382762
602.978516 12.904482 0.026802  -0.382813
603.076172 12.903583 0.026878  -0.382864
603.173828 12.902685 0.026954  -0.382915
603.271484 12.901787 0.027029  -0.382967
603.369141 12.900889 0.027105  -0.383018
603.466797 12.899991 0.027180  -0.383069
603.564453 12.899094 0.027256  -0.383120
603.662109 12.898196 0.027331  -0.383171
603.759766 12.897299 0.027406  -0.383222
603.857422 12.896402 0.027481  -0.383273
603.955078 12.895505 0.027556  -0.383324
604.052734 12.894608 0.027631  -0.383375
604.150391 12.893712 0.027705  -0.383426
604.248047 12.892815 0.027780  -0.383477
604.345703 12.891919 0.027855  -0.383528
604.443359 12.891023 0.027929  -0.383578
604.541016 12.890127 0.028003  -0.383629
604.638672 12.889231 0.028078  -0.383680
604.736328 12.888335 0.028152  -0.383731
604.833984 12.887440 0.028226  -0.383782
604.931641 12.886545 0.028300  -0.383833
605.029297 12.885649 0.028374  -0.383884
605.126953 12.884754 0.028447  -0.383934
605.224609 12.883860 0.028521  -0.383985
605.322266 12.882965 0.028594  -0.384036
605.419922 12.882070 0.028668  -0.384087
605.517578 12.881176 0.028741  -0.384137
605.615234 12.880282 0.028815  -0.384188
605.712891 12.879388 0.028888  -0.384239
605.810547 12.878494 0.028961  -0.384289
605.908203 12.877600 0.029034  -0.384340
606.005859 12.876707 0.029107  -0.384391
606.103516 12.875813 0.029179  -0.384441
606.201172 12.874920 0.029252  -0.384492
606.298828 12.874027 0.029325  -0.384543
606.396484 12.873134 0.029397  -0.384593
606.494141 12.872241 0.029470  -0.384644
606.591797 12.871349 0.029542  -0.384694
606.689453 12.870456 0.029614  -0.384745
606.787109 12.869564 0.029686  -0.384795
606.884766 12.868672 0.029758  -0.384846
606.982422 12.867780 0.029830  -0.384896
607.080078 12.866888 0.029902  -0.384947
607.177734 12.865996 0.029974  -0.384997
607.275391 12.865105 0.030046  -0.385048
607.373047 12.864214 0.030117  -0.385098
607.470703 12.863323 0.030189  -0.385149
607.568359 12.862432 0.030260  -0.385199
607.666016 12.861541 0.030331  -0.385249
607.763672 12.860650 0.030403  -0.385300
607.861328 12.859760 0.030474  -0.385350
607.958984 12.858869 0.030545  -0.385400
608.056641 12.857979 0.030616  -0.385451
608.154297 12.857089 0.030687  -0.385501
608.251953 12.856199 0.030758  -0.385551
608.349609 12.855309 0.030828  -0.385602
608.447266 12.854420 0.030899  -0.385652
608.544922 12.853530 0.030969  -0.385702
608.642578 12.852641 0.031040  -0.385752
608.740234 12.851752 0.031110  -0.385803
608.837891 12.850863 0.031180  -0.385853
608.935547 12.849974 0.031251  -0.385903
609.033203 12.849086 0.031321  -0.385953
609.130859 12.848197 0.031391  -0.386003
609.228516 12.847309 0.031461  -0.386054
609.326172 12.846421 0.031530  -0.386104
609.423828 12.845533 0.031600  -0.386154
609.521484 12.844645 0.031670  -0.386204
609.619141 12.843758 0.031739  -0.386254
609.716797 12.842870 0.031809  -0.386304
609.814453 12.841983 0.031878  -0.386354
609.912109 12.841096 0.031948  -0.386404
610.009766 12.840209 0.032017  -0.386454
610.107422 12.839322 0.032086  -0.386504
610.205078 12.838435 0.032155  -0.386554
610.302734 12.837549 0.032224  -0.386604
610.400391 12.836662 0.032293  -0.386654
610.498047 12.835776 0.032362  -0.386704
610.595703 12.834890 0.032431  -0.386754
610.693359 12.834004 0.032499  -0.386804
610.791016 12.833118 0.032568  -0.386854
610.888672 12.832233 0.032636  -0.386904
610.986328 12.831347 0.032705  -0.386954
611.083984 12.830462 0.032773  -0.387004
611.181641 12.829577 0.032841  -0.387054
611.279297 12.828692 0.032909  -0.387103
611.376953 12.827807 0.032977  -0.387153
611.474609 12.826923 0.033045  -0.387203
611.572266 12.826038 0.033113  -0.387253
611.669922 12.825154 0.033181  -0.387303
611.767578 12.824270 0.033249  -0.387353
611.865234 12.823386 0.033317  -0.387402
611.962891 12.822502 0.033384  -0.387452
612.060547 12.821618 0.033452  -0.387502
612.158203 12.820735 0.033519  -0.387552
612.255859 12.819852 0.033587  -0.387601
612.353516 12.818968 0.033654  -0.387651
612.451172 12.818085 0.033721  -0.387701
612.548828 12.817202 0.033788  -0.387750
612.646484 12.816320 0.033855  -0.387800
612.744141 12.815437 0.033922  -0.387850
612.841797 12.814555 0.033989  -0.387899
612.939453 12.813672 0.034056  -0.387949
613.037109 12.812790 0.034123  -0.387998
613.134766 12.811908 0.034189  -0.388048
613.232422 12.811027 0.034256  -0.388098
613.330078 12.810145 0.034323  -0.388147
613.427734 12.809264 0.034389  -0.388197
613.525391 12.808382 0.034455  -0.388246
613.623047 12.807501 0.034522  -0.388296
613.720703 12.806620 0.034588  -0.388345
613.818359 12.805739 0.034654  -0.388395
613.916016 12.804859 0.034720  -0.388444
614.013672 12.803978 0.034786  -0.388494
614.111328 12.803098 0.034852  -0.388543
614.208984 12.802217 0.034918  -0.388593
614.306641 12.801337 0.034984  -0.388642
614.404297 12.800457 0.035049  -0.388692
614.501953 12.799578 0.035115  -0.388741
614.599609 12.798698 0.035181  -0.388790
614.697266 12.797819 0.035246  -0.388840
614.794922 12.796939 0.035311  -0.388889
614.892578 12.796060 0.035377  -0.388938
614.990234 12.795181 0.035442  -0.388988
615.087891 12.794303 0.035507  -0.389037
615.185547 12.793424 0.035572  -0.389086
615.283203 12.792545 0.035637  -0.389136
615.380859 12.791667 0.035702  -0.389185
615.478516 12.790789 0.035767  -0.389234
615.576172 12.789911 0.035832  -0.389284
615.673828 12.789033 0.035897  -0.389333
615.771484 12.788155 0.035962  -0.389382
615.869141 12.787278 0.036026  -0.389431
615.966797 12.786400 0.036091  -0.389481
616.064453 12.785523 0.036155  -0.389530
616.162109 12.784646 0.036220  -0.389579
616.259766 12.783769 0.036284  -0.389628
616.357422 12.782892 0.036348  -0.389677
616.455078 12.782016 0.036413  -0.389726
616.552734 12.781139 0.036477  -0.389776
616.650391 12.780263 0.036541  -0.389825
616.748047 12.779387 0.036605  -0.389874
616.845703 12.778511 0.036669  -0.389923
616.943359 12.777635 0.036733  -0.389972
617.041016 12.776759 0.036796  -0.390021
617.138672 12.775884 0.036860  -0.390070
617.236328 12.775008 0.036924  -0.390119
617.333984 12.774133 0.036987  -0.390168
617.431641 12.773258 0.037051  -0.390217
617.529297 12.772383 0.037114  -0.390266
617.626953 12.771509 0.037178  -0.390315
617.724609 12.770634 0.037241  -0.390364
617.822266 12.769759 0.037304  -0.390413
617.919922 12.768885 0.037368  -0.390462
618.017578 12.768011 0.037431  -0.390511
618.115234 12.767137 0.037494  -0.390560
618.212891 12.766263 0.037557  -0.390609
618.310547 12.765390 0.037620  -0.390658
618.408203 12.764516 0.037683  -0.390707
618.505859 12.763643 0.037745  -0.390756
618.603516 12.762770 0.037808  -0.390804
618.701172 12.761896 0.037871  -0.390853
618.798828 12.761024 0.037933  -0.390902
618.896484 12.760151 0.037996  -0.390951
618.994141 12.759278 0.038059  -0.391000
619.091797 12.758406 0.038121  -0.391049
619.189453 12.757534 0.038183  -0.391097
619.287109 12.756661 0.038246  -0.391146
619.384766 12.755789 0.038308  -0.391195
619.482422 12.754918 0.038370  -0.391244
619.580078 12.754046 0.038432  -0.391293
619.677734 12.753175 0.038494  -0.391341
619.775391 12.752303 0.038556  -0.391390
619.873047 12.751432 0.038618  -0.391439
619.970703 12.750561 0.038680  -0.391487
620.068359 12.749690 0.038742  -0.391536
620.166016 12.748819 0.038804  -0.391585
620.263672 12.747949 0.038865  -0.391633
620.361328 12.747078 0.038927  -0.391682
620.458984 12.746208 0.038989  -0.391731
620.556641 12.745338 0.039050  -0.391779
620.654297 12.744468 0.039112  -0.391828
620.751953 12.743598 0.039173  -0.391877
620.849609 12.742729 0.039234  -0.391925
620.947266 12.741859 0.039296  -0.391974
621.044922 12.740990 0.039357  -0.392022
621.142578 12.740120 0.039418  -0.392071
621.240234 12.739251 0.039479  -0.392119
621.337891 12.738383 0.039540  -0.392168
621.435547 12.737514 0.039601  -0.392216
621.533203 12.736645 0.039662  -0.392265
621.630859 12.735777 0.039723  -0.392313
621.728516 12.734909 0.039784  -0.392362
621.826172 12.734040 0.039845  -0.392410
621.923828 12.733172 0.039905  -0.392459
622.021484 12.732305 0.039966  -0.392507
622.119141 12.731437 0.040027  -0.392556
622.216797 12.730569 0.040087  -0.392604
622.314453 12.729702 0.040148  -0.392652
622.412109 12.728835 0.040208  -0.392701
622.509766 12.727968 0.040268  -0.392749
622.607422 12.727101 0.040329  -0.392798
622.705078 12.726234 0.040389  -0.392846
622.802734 12.725368 0.040449  -0.392894
622.900391 12.724501 0.040509  -0.392943
622.998047 12.723635 0.040569  -0.392991
623.095703 12.722769 0.040629  -0.393039
623.193359 12.721903 0.040689  -0.393088
623.291016 12.721037 0.040749  -0.393136
623.388672 12.720171 0.040809  -0.393184
623.486328 12.719306 0.040869  -0.393232
623.583984 12.718440 0.040929  -0.393281
623.681641 12.717575 0.040989  -0.393329
623.779297 12.716710 0.041048  -0.393377
623.876953 12.715845 0.041108  -0.393425
623.974609 12.714980 0.041167  -0.393473
624.072266 12.714116 0.041227  -0.393522
624.169922 12.713251 0.041286  -0.393570
624.267578 12.712387 0.041346  -0.393618
624.365234 12.711523 0.041405  -0.393666
624.462891 12.710659 0.041465  -0.393714
624.560547 12.709795 0.041524  -0.393762
624.658203 12.708931 0.041583  -0.393811
624.755859 12.708068 0.041642  -0.393859
624.853516 12.707204 0.041701  -0.393907
624.951172 12.706341 0.041760  -0.393955
625.048828 12.705478 0.041819  -0.394003
625.146484 12.704615 0.041878  -0.394051
625.244141 12.703752 0.041937  -0.394099
625.341797 12.702890 0.041996  -0.394147
625.439453 12.702027 0.042055  -0.394195
625.537109 12.701165 0.042114  -0.394243
625.634766 12.700303 0.042172  -0.394291
625.732422 12.699441 0.042231  -0.394339
625.830078 12.698579 0.042290  -0.394387
625.927734 12.697717 0.042348  -0.394435
626.025391 12.696855 0.042407  -0.394483
626.123047 12.695994 0.042465  -0.394531
626.220703 12.695133 0.042524  -0.394579
626.318359 12.694272 0.042582  -0.394627
626.416016 12.693411 0.042640  -0.394675
626.513672 12.692550 0.042699  -0.394722
626.611328 12.691689 0.042757  -0.394770
626.708984 12.690829 0.042815  -0.394818
626.806641 12.689968 0.042873  -0.394866
626.904297 12.689108 0.042931  -0.394914
627.001953 12.688248 0.042989  -0.394962
627.099609 12.687388 0.043047  -0.395010
627.197266 12.686528 0.043105  -0.395057
627.294922 12.685669 0.043163  -0.395105
627.392578 12.684809 0.043221  -0.395153
627.490234 12.683950 0.043279  -0.395201
627.587891 12.683091 0.043337  -0.395248
627.685547 12.682232 0.043394  -0.395296
627.783203 12.681373 0.043452  -0.395344
627.880859 12.680514 0.043510  -0.395392
627.978516 12.679656 0.043567  -0.395439
628.076172 12.678797 0.043625  -0.395487
628.173828 12.677939 0.043682  -0.395535
628.271484 12.677081 0.043740  -0.395582
628.369141 12.676223 0.043797  -0.395630
628.466797 12.675365 0.043855  -0.395678
628.564453 12.674507 0.043912  -0.395725
628.662109 12.673650 0.043969  -0.395773
628.759766 12.672793 0.044026  -0.395821
628.857422 12.671935 0.044084  -0.395868
628.955078 12.671078 0.044141  -0.395916
629.052734 12.670221 0.044198  -0.395963
629.150391 12.669365 0.044255  -0.396011
629.248047 12.668508 0.044312  -0.396059
629.345703 12.667652 0.044369  -0.396106
629.443359 12.666795 0.044426  -0.396154
629.541016 12.665939 0.044483  -0.396201
629.638672 12.665083 0.044540  -0.396249
629.736328 12.664227 0.044597  -0.396296
629.833984 12.663371 0.044653  -0.396344
629.931641 12.662516 0.044710  -0.396391
630.029297 12.661661 0.044767  -0.396439
630.126953 12.660805 0.044824  -0.396486
630.224609 12.659950 0.044880  -0.396533
630.322266 12.659095 0.044937  -0.396581
630.419922 12.658240 0.044993  -0.396628
630.517578 12.657386 0.045050  -0.396676
630.615234 12.656531 0.045106  -0.396723
630.712891 12.655677 0.045163  -0.396770
630.810547 12.654823 0.045219  -0.396818
630.908203 12.653968 0.045276  -0.396865
631.005859 12.653115 0.045332  -0.396912
631.103516 12.652261 0.045388  -0.396960
631.201172 12.651407 0.045445  -0.397007
631.298828 12.650554 0.045501  -0.397054
631.396484 12.649700 0.045557  -0.397102
631.494141 12.648847 0.045613  -0.397149
631.591797 12.647994 0.045669  -0.397196
631.689453 12.647141 0.045725  -0.397244
631.787109 12.646289 0.045781  -0.397291
631.884766 12.645436 0.045837  -0.397338
631.982422 12.644584 0.045893  -0.397385
632.080078 12.643731 0.045949  -0.397432
632.177734 12.642879 0.046005  -0.397480
632.275391 12.642027 0.046061  -0.397527
632.373047 12.641175 0.046117  -0.397574
632.470703 12.640324 0.046172  -0.397621
632.568359 12.639472 0.046228  -0.397668
632.666016 12.638621 0.046284  -0.397715
632.763672 12.637769 0.046340  -0.397763
632.861328 12.636918 0.046395  -0.397810
632.958984 12.636067 0.046451  -0.397857
633.056641 12.635217 0.046506  -0.397904
633.154297 12.634366 0.046562  -0.397951
633.251953 12.633515 0.046617  -0.397998
633.349609 12.632665 0.046673  -0.398045
633.447266 12.631815 0.046728  -0.398092
633.544922 12.630965 0.046784  -0.398139
633.642578 12.630115 0.046839  -0.398186
633.740234 12.629265 0.046894  -0.398233
633.837891 12.628415 0.046950  -0.398280
633.935547 12.627566 0.047005  -0.398327
634.033203 12.626717 0.047060  -0.398374
634.130859 12.625867 0.047115  -0.398421
634.228516 12.625018 0.047171  -0.398468
634.326172 12.624169 0.047226  -0.398515
634.423828 12.623321 0.047281  -0.398562
634.521484 12.622472 0.047336  -0.398609
634.619141 12.621624 0.047391  -0.398656
634.716797 12.620775 0.047446  -0.398703
634.814453 12.619927 0.047501  -0.398749
634.912109 12.619079 0.047556  -0.398796
635.009766 12.618231 0.047611  -0.398843
635.107422 12.617384 0.047666  -0.398890
635.205078 12.616536 0.047721  -0.398937
635.302734 12.615689 0.047775  -0.398984
635.400391 12.614841 0.047830  -0.399030
635.498047 12.613994 0.047885  -0.399077
635.595703 12.613147 0.047940  -0.399124
635.693359 12.612301 0.047994  -0.399171
635.791016 12.611454 0.048049  -0.399217
635.888672 12.610607 0.048104  -0.399264
635.986328 12.609761 0.048158  -0.399311
636.083984 12.608915 0.048213  -0.399358
636.181641 12.608069 0.048268  -0.399404
636.279297 12.607223 0.048322  -0.399451
636.376953 12.606377 0.048377  -0.399498
636.474609 12.605531 0.048431  -0.399544
636.572266 12.604686 0.048486  -0.399591
636.669922 12.603840 0.048540  -0.399638
636.767578 12.602995 0.048594  -0.399684
636.865234 12.602150 0.048649  -0.399731
636.962891 12.601305 0.048703  -0.399777
637.060547 12.600460 0.048757  -0.399824
637.158203 12.599616 0.048812  -0.399871
637.255859 12.598771 0.048866  -0.399917
637.353516 12.597927 0.048920  -0.399964
637.451172 12.597083 0.048974  -0.400010
637.548828 12.596239 0.049029  -0.400057
637.646484 12.595395 0.049083  -0.400103
637.744141 12.594551 0.049137  -0.400150
637.841797 12.593707 0.049191  -0.400196
637.939453 12.592864 0.049245  -0.400243
638.037109 12.592021 0.049299  -0.400289
638.134766 12.591178 0.049353  -0.400336
638.232422 12.590335 0.049407  -0.400382
638.330078 12.589492 0.049461  -0.400429
638.427734 12.588649 0.049515  -0.400475
638.525391 12.587806 0.049569  -0.400521
638.623047 12.586964 0.049623  -0.400568
638.720703 12.586122 0.049677  -0.400614
638.818359 12.585279 0.049731  -0.400661
638.916016 12.584437 0.049785  -0.400707
639.013672 12.583596 0.049838  -0.400753
639.111328 12.582754 0.049892  -0.400800
639.208984 12.581912 0.049946  -0.400846
639.306641 12.581071 0.050000  -0.400892
639.404297 12.580230 0.050053  -0.400939
639.501953 12.579388 0.050107  -0.400985
639.599609 12.578547 0.050161  -0.401031
639.697266 12.577707 0.050214  -0.401077
639.794922 12.576866 0.050268  -0.401124
639.892578 12.576025 0.050322  -0.401170
639.990234 12.575185 0.050375  -0.401216
640.087891 12.574345 0.050429  -0.401262
640.185547 12.573505 0.050482  -0.401308
640.283203 12.572665 0.050536  -0.401355
640.380859 12.571825 0.050589  -0.401401
640.478516 12.570985 0.050643  -0.401447
640.576172 12.570146 0.050696  -0.401493
640.673828 12.569306 0.050750  -0.401539
640.771484 12.568467 0.050803  -0.401585
640.869141 12.567628 0.050857  -0.401631
640.966797 12.566789 0.050910  -0.401678
641.064453 12.565950 0.050963  -0.401724
641.162109 12.565111 0.051017  -0.401770
641.259766 12.564273 0.051070  -0.401816
641.357422 12.563434 0.051123  -0.401862
641.455078 12.562596 0.051177  -0.401908
641.552734 12.561758 0.051230  -0.401954
641.650391 12.560920 0.051283  -0.402000
641.748047 12.560082 0.051336  -0.402046
641.845703 12.559245 0.051390  -0.402092
641.943359 12.558407 0.051443  -0.402138
642.041016 12.557570 0.051496  -0.402184
642.138672 12.556733 0.051549  -0.402230
642.236328 12.555896 0.051602  -0.402276
642.333984 12.555059 0.051655  -0.402322
642.431641 12.554222 0.051708  -0.402367
642.529297 12.553385 0.051761  -0.402413
642.626953 12.552549 0.051815  -0.402459
642.724609 12.551712 0.051868  -0.402505
642.822266 12.550876 0.051921  -0.402551
642.919922 12.550040 0.051974  -0.402597
643.017578 12.549204 0.052027  -0.402643
643.115234 12.548368 0.052080  -0.402688
643.212891 12.547533 0.052133  -0.402734
643.310547 12.546697 0.052185  -0.402780
643.408203 12.545862 0.052238  -0.402826
643.505859 12.545027 0.052291  -0.402872
643.603516 12.544191 0.052344  -0.402917
643.701172 12.543357 0.052397  -0.402963
643.798828 12.542522 0.052450  -0.403009
643.896484 12.541687 0.052503  -0.403054
643.994141 12.540853 0.052556  -0.403100
644.091797 12.540018 0.052608  -0.403146
644.189453 12.539184 0.052661  -0.403192
644.287109 12.538350 0.052714  -0.403237
644.384766 12.537516 0.052767  -0.403283
644.482422 12.536682 0.052820  -0.403328
644.580078 12.535849 0.052872  -0.403374
644.677734 12.535015 0.052925  -0.403420
644.775391 12.534182 0.052978  -0.403465
644.873047 12.533349 0.053030  -0.403511
644.970703 12.532515 0.053083  -0.403556
645.068359 12.531683 0.053136  -0.403602
645.166016 12.530850 0.053188  -0.403648
645.263672 12.530017 0.053241  -0.403693
645.361328 12.529185 0.053294  -0.403739
645.458984 12.528352 0.053346  -0.403784
645.556641 12.527520 0.053399  -0.403830
645.654297 12.526688 0.053452  -0.403875
645.751953 12.525856 0.053504  -0.403920
645.849609 12.525024 0.053557  -0.403966
645.947266 12.524193 0.053609  -0.404011
646.044922 12.523361 0.053662  -0.404057
646.142578 12.522530 0.053714  -0.404102
646.240234 12.521699 0.053767  -0.404148
646.337891 12.520867 0.053819  -0.404193
646.435547 12.520037 0.053872  -0.404238
646.533203 12.519206 0.053924  -0.404284
646.630859 12.518375 0.053977  -0.404329
646.728516 12.517545 0.054029  -0.404374
646.826172 12.516714 0.054082  -0.404420
646.923828 12.515884 0.054134  -0.404465
647.021484 12.515054 0.054187  -0.404510
647.119141 12.514224 0.054239  -0.404556
647.216797 12.513394 0.054292  -0.404601
647.314453 12.512565 0.054344  -0.404646
647.412109 12.511735 0.054396  -0.404691
647.509766 12.510906 0.054449  -0.404737
647.607422 12.510076 0.054501  -0.404782
647.705078 12.509247 0.054554  -0.404827
647.802734 12.508418 0.054606  -0.404872
647.900391 12.507590 0.054658  -0.404917
647.998047 12.506761 0.054711  -0.404962
648.095703 12.505932 0.054763  -0.405008
648.193359 12.505104 0.054815  -0.405053
648.291016 12.504276 0.054868  -0.405098
648.388672 12.503448 0.054920  -0.405143
648.486328 12.502620 0.054972  -0.405188
648.583984 12.501792 0.055024  -0.405233
648.681641 12.500964 0.055077  -0.405278
648.779297 12.500137 0.055129  -0.405323
648.876953 12.499309 0.055181  -0.405368
648.974609 12.498482 0.055234  -0.405413
649.072266 12.497655 0.055286  -0.405458
649.169922 12.496828 0.055338  -0.405503
649.267578 12.496001 0.055390  -0.405548
649.365234 12.495174 0.055443  -0.405593
649.462891 12.494348 0.055495  -0.405638
649.560547 12.493522 0.055547  -0.405683
649.658203 12.492695 0.055599  -0.405728
649.755859 12.491869 0.055651  -0.405773
649.853516 12.491043 0.055704  -0.405818
649.951172 12.490217 0.055756  -0.405863
650.048828 12.489392 0.055808  -0.405908
650.146484 12.488566 0.055860  -0.405952
650.244141 12.487741 0.055912  -0.405997
650.341797 12.486915 0.055965  -0.406042
650.439453 12.486090 0.056017  -0.406087
650.537109 12.485265 0.056069  -0.406132
650.634766 12.484440 0.056121  -0.406177
650.732422 12.483616 0.056173  -0.406221
650.830078 12.482791 0.056225  -0.406266
650.927734 12.481967 0.056277  -0.406311
651.025391 12.481142 0.056330  -0.406356
651.123047 12.480318 0.056382  -0.406400
651.220703 12.479494 0.056434  -0.406445
651.318359 12.478670 0.056486  -0.406490
651.416016 12.477847 0.056538  -0.406534
651.513672 12.477023 0.056590  -0.406579
651.611328 12.476199 0.056642  -0.406624
651.708984 12.475376 0.056694  -0.406668
651.806641 12.474553 0.056747  -0.406713
651.904297 12.473730 0.056799  -0.406757
652.001953 12.472907 0.056851  -0.406802
652.099609 12.472084 0.056903  -0.406847
652.197266 12.471262 0.056955  -0.406891
652.294922 12.470439 0.057007  -0.406936
652.392578 12.469617 0.057059  -0.406980
652.490234 12.468795 0.057111  -0.407025
652.587891 12.467973 0.057163  -0.407069
652.685547 12.467151 0.057215  -0.407114
652.783203 12.466329 0.057268  -0.407158
652.880859 12.465507 0.057320  -0.407203
652.978516 12.464686 0.057372  -0.407247
653.076172 12.463864 0.057424  -0.407292
653.173828 12.463043 0.057476  -0.407336
653.271484 12.462222 0.057528  -0.407380
653.369141 12.461401 0.057580  -0.407425
653.466797 12.460580 0.057632  -0.407469
653.564453 12.459760 0.057684  -0.407514
653.662109 12.458939 0.057736  -0.407558
653.759766 12.458119 0.057788  -0.407602
653.857422 12.457299 0.057840  -0.407647
653.955078 12.456478 0.057892  -0.407691
654.052734 12.455658 0.057945  -0.407735
654.150391 12.454839 0.057997  -0.407779
654.248047 12.454019 0.058049  -0.407824
654.345703 12.453199 0.058101  -0.407868
654.443359 12.452380 0.058153  -0.407912
654.541016 12.451561 0.058205  -0.407956
654.638672 12.450742 0.058257  -0.408001
654.736328 12.449923 0.058309  -0.408045
654.833984 12.449104 0.058361  -0.408089
654.931641 12.448285 0.058413  -0.408133
655.029297 12.447466 0.058465  -0.408177
655.126953 12.446648 0.058517  -0.408221
655.224609 12.445830 0.058569  -0.408266
655.322266 12.445011 0.058622  -0.408310
655.419922 12.444193 0.058674  -0.408354
655.517578 12.443376 0.058726  -0.408398
655.615234 12.442558 0.058778  -0.408442
655.712891 12.441740 0.058830  -0.408486
655.810547 12.440923 0.058882  -0.408530
655.908203 12.440105 0.058934  -0.408574
656.005859 12.439288 0.058986  -0.408618
656.103516 12.438471 0.059038  -0.408662
656.201172 12.437654 0.059090  -0.408706
656.298828 12.436837 0.059142  -0.408750
656.396484 12.436021 0.059195  -0.408794
656.494141 12.435204 0.059247  -0.408838
656.591797 12.434388 0.059299  -0.408882
656.689453 12.433572 0.059351  -0.408926
656.787109 12.432756 0.059403  -0.408969
656.884766 12.431940 0.059455  -0.409013
656.982422 12.431124 0.059507  -0.409057
657.080078 12.430308 0.059559  -0.409101
657.177734 12.429493 0.059612  -0.409145
657.275391 12.428677 0.059664  -0.409189
657.373047 12.427862 0.059716  -0.409232
657.470703 12.427047 0.059768  -0.409276
657.568359 12.426232 0.059820  -0.409320
657.666016 12.425417 0.059872  -0.409364
657.763672 12.424602 0.059925  -0.409407
657.861328 12.423788 0.059977  -0.409451
657.958984 12.422973 0.060029  -0.409495
658.056641 12.422159 0.060081  -0.409539
658.154297 12.421345 0.060133  -0.409582
658.251953 12.420531 0.060185  -0.409626
658.349609 12.419717 0.060238  -0.409670
658.447266 12.418903 0.060290  -0.409713
658.544922 12.418089 0.060342  -0.409757
658.642578 12.417276 0.060394  -0.409800
658.740234 12.416463 0.060447  -0.409844
658.837891 12.415649 0.060499  -0.409888
658.935547 12.414836 0.060551  -0.409931
659.033203 12.414023 0.060603  -0.409975
659.130859 12.413211 0.060655  -0.410018
659.228516 12.412398 0.060708  -0.410062
659.326172 12.411585 0.060760  -0.410105
659.423828 12.410773 0.060812  -0.410149
659.521484 12.409961 0.060865  -0.410192
659.619141 12.409149 0.060917  -0.410236
659.716797 12.408337 0.060969  -0.410279
659.814453 12.407525 0.061021  -0.410322
659.912109 12.406713 0.061074  -0.410366
660.009766 12.405902 0.061126  -0.410409
660.107422 12.405090 0.061178  -0.410452
660.205078 12.404279 0.061231  -0.410496
660.302734 12.403468 0.061283  -0.410539
660.400391 12.402657 0.061335  -0.410582
660.498047 12.401846 0.061388  -0.410626
660.595703 12.401035 0.061440  -0.410669
660.693359 12.400224 0.061493  -0.410712
660.791016 12.399414 0.061545  -0.410756
660.888672 12.398604 0.061597  -0.410799
660.986328 12.397793 0.061650  -0.410842
661.083984 12.396983 0.061702  -0.410885
661.181641 12.396173 0.061755  -0.410928
661.279297 12.395364 0.061807  -0.410972
661.376953 12.394554 0.061859  -0.411015
661.474609 12.393744 0.061912  -0.411058
661.572266 12.392935 0.061964  -0.411101
661.669922 12.392126 0.062017  -0.411144
661.767578 12.391317 0.062069  -0.411187
661.865234 12.390508 0.062122  -0.411230
661.962891 12.389699 0.062174  -0.411273
662.060547 12.388890 0.062227  -0.411317
662.158203 12.388082 0.062279  -0.411360
662.255859 12.387273 0.062332  -0.411403
662.353516 12.386465 0.062384  -0.411446
662.451172 12.385657 0.062437  -0.411489
662.548828 12.384849 0.062489  -0.411532
662.646484 12.384041 0.062542  -0.411575
662.744141 12.383233 0.062595  -0.411617
662.841797 12.382425 0.062647  -0.411660
662.939453 12.381618 0.062700  -0.411703
663.037109 12.380811 0.062752  -0.411746
663.134766 12.380003 0.062805  -0.411789
663.232422 12.379196 0.062858  -0.411832
663.330078 12.378389 0.062910  -0.411875
663.427734 12.377583 0.062963  -0.411918
663.525391 12.376776 0.063016  -0.411960
663.623047 12.375969 0.063068  -0.412003
663.720703 12.375163 0.063121  -0.412046
663.818359 12.374357 0.063174  -0.412089
663.916016 12.373550 0.063227  -0.412132
664.013672 12.372744 0.063279  -0.412174
664.111328 12.371939 0.063332  -0.412217
664.208984 12.371133 0.063385  -0.412260
664.306641 12.370327 0.063438  -0.412302
664.404297 12.369522 0.063490  -0.412345
664.501953 12.368717 0.063543  -0.412388
664.599609 12.367911 0.063596  -0.412430
664.697266 12.367106 0.063649  -0.412473
664.794922 12.366301 0.063702  -0.412516
664.892578 12.365497 0.063755  -0.412558
664.990234 12.364692 0.063808  -0.412601
665.087891 12.363887 0.063860  -0.412643
665.185547 12.363083 0.063913  -0.412686
665.283203 12.362279 0.063966  -0.412728
665.380859 12.361475 0.064019  -0.412771
665.478516 12.360671 0.064072  -0.412813
665.576172 12.359867 0.064125  -0.412856
665.673828 12.359063 0.064178  -0.412898
665.771484 12.358260 0.064231  -0.412941
665.869141 12.357456 0.064284  -0.412983
665.966797 12.356653 0.064337  -0.413025
666.064453 12.355850 0.064390  -0.413068
666.162109 12.355047 0.064443  -0.413110
666.259766 12.354244 0.064496  -0.413153
666.357422 12.353441 0.064549  -0.413195
666.455078 12.352638 0.064602  -0.413237
666.552734 12.351836 0.064656  -0.413280
666.650391 12.351033 0.064709  -0.413322
666.748047 12.350231 0.064762  -0.413364
666.845703 12.349429 0.064815  -0.413406
666.943359 12.348627 0.064868  -0.413449
667.041016 12.347825 0.064921  -0.413491
667.138672 12.347024 0.064975  -0.413533
667.236328 12.346222 0.065028  -0.413575
667.333984 12.345421 0.065081  -0.413617
667.431641 12.344619 0.065134  -0.413660
667.529297 12.343818 0.065188  -0.413702
667.626953 12.343017 0.065241  -0.413744
667.724609 12.342216 0.065294  -0.413786
667.822266 12.341415 0.065348  -0.413828
667.919922 12.340615 0.065401  -0.413870
668.017578 12.339814 0.065454  -0.413912
668.115234 12.339014 0.065508  -0.413954
668.212891 12.338214 0.065561  -0.413996
668.310547 12.337414 0.065615  -0.414038
668.408203 12.336614 0.065668  -0.414080
668.505859 12.335814 0.065721  -0.414122
668.603516 12.335014 0.065775  -0.414164
668.701172 12.334215 0.065828  -0.414206
668.798828 12.333415 0.065882  -0.414248
668.896484 12.332616 0.065935  -0.414290
668.994141 12.331817 0.065989  -0.414332
669.091797 12.331018 0.066043  -0.414374
669.189453 12.330219 0.066096  -0.414415
669.287109 12.329420 0.066150  -0.414457
669.384766 12.328621 0.066203  -0.414499
669.482422 12.327823 0.066257  -0.414541
669.580078 12.327024 0.066311  -0.414583
669.677734 12.326226 0.066364  -0.414624
669.775391 12.325428 0.066418  -0.414666
669.873047 12.324630 0.066472  -0.414708
669.970703 12.323832 0.066525  -0.414750
670.068359 12.323035 0.066579  -0.414791
670.166016 12.322237 0.066633  -0.414833
670.263672 12.321440 0.066687  -0.414875
670.361328 12.320642 0.066741  -0.414916
670.458984 12.319845 0.066794  -0.414958
670.556641 12.319048 0.066848  -0.414999
670.654297 12.318251 0.066902  -0.415041
670.751953 12.317454 0.066956  -0.415083
670.849609 12.316658 0.067010  -0.415124
670.947266 12.315861 0.067064  -0.415166
671.044922 12.315065 0.067118  -0.415207
671.142578 12.314269 0.067172  -0.415249
671.240234 12.313472 0.067226  -0.415290
671.337891 12.312676 0.067280  -0.415332
671.435547 12.311881 0.067334  -0.415373
671.533203 12.311085 0.067388  -0.415415
671.630859 12.310289 0.067442  -0.415456
671.728516 12.309494 0.067496  -0.415497
671.826172 12.308699 0.067550  -0.415539
671.923828 12.307903 0.067605  -0.415580
672.021484 12.307108 0.067659  -0.415621
672.119141 12.306313 0.067713  -0.415663
672.216797 12.305519 0.067767  -0.415704
672.314453 12.304724 0.067821  -0.415745
672.412109 12.303929 0.067876  -0.415787
672.509766 12.303135 0.067930  -0.415828
672.607422 12.302341 0.067984  -0.415869
672.705078 12.301547 0.068038  -0.415910
672.802734 12.300753 0.068093  -0.415951
672.900391 12.299959 0.068147  -0.415993
672.998047 12.299165 0.068202  -0.416034
673.095703 12.298371 0.068256  -0.416075
673.193359 12.297578 0.068310  -0.416116
673.291016 12.296784 0.068365  -0.416157
673.388672 12.295991 0.068419  -0.416198
673.486328 12.295198 0.068474  -0.416239
673.583984 12.294405 0.068528  -0.416280
673.681641 12.293612 0.068583  -0.416321
673.779297 12.292820 0.068638  -0.416362
673.876953 12.292027 0.068692  -0.416403
673.974609 12.291235 0.068747  -0.416444
674.072266 12.290442 0.068801  -0.416485
674.169922 12.289650 0.068856  -0.416526
674.267578 12.288858 0.068911  -0.416567
674.365234 12.288066 0.068966  -0.416608
674.462891 12.287275 0.069020  -0.416649
674.560547 12.286483 0.069075  -0.416690
674.658203 12.285691 0.069130  -0.416731
674.755859 12.284900 0.069185  -0.416772
674.853516 12.284109 0.069240  -0.416812
674.951172 12.283318 0.069294  -0.416853
675.048828 12.282527 0.069349  -0.416894
675.146484 12.281736 0.069404  -0.416935
675.244141 12.280945 0.069459  -0.416975
675.341797 12.280154 0.069514  -0.417016
675.439453 12.279364 0.069569  -0.417057
675.537109 12.278574 0.069624  -0.417097
675.634766 12.277783 0.069679  -0.417138
675.732422 12.276993 0.069734  -0.417179
675.830078 12.276203 0.069789  -0.417219
675.927734 12.275414 0.069844  -0.417260
676.025391 12.274624 0.069900  -0.417301
676.123047 12.273834 0.069955  -0.417341
676.220703 12.273045 0.070010  -0.417382
676.318359 12.272256 0.070065  -0.417422
676.416016 12.271466 0.070120  -0.417463
676.513672 12.270677 0.070176  -0.417503
676.611328 12.269889 0.070231  -0.417544
676.708984 12.269100 0.070286  -0.417584
676.806641 12.268311 0.070342  -0.417625
676.904297 12.267523 0.070397  -0.417665
677.001953 12.266734 0.070453  -0.417705
677.099609 12.265946 0.070508  -0.417746
677.197266 12.265158 0.070563  -0.417786
677.294922 12.264370 0.070619  -0.417827
677.392578 12.263582 0.070674  -0.417867
677.490234 12.262794 0.070730  -0.417907
677.587891 12.262007 0.070786  -0.417947
677.685547 12.261219 0.070841  -0.417988
677.783203 12.260432 0.070897  -0.418028
677.880859 12.259645 0.070952  -0.418068
677.978516 12.258858 0.071008  -0.418108
678.076172 12.258071 0.071064  -0.418149
678.173828 12.257284 0.071120  -0.418189
678.271484 12.256497 0.071175  -0.418229
678.369141 12.255710 0.071231  -0.418269
678.466797 12.254924 0.071287  -0.418309
678.564453 12.254138 0.071343  -0.418349
678.662109 12.253352 0.071399  -0.418389
678.759766 12.252565 0.071455  -0.418429
678.857422 12.251780 0.071511  -0.418469
678.955078 12.250994 0.071566  -0.418509
679.052734 12.250208 0.071622  -0.418549
679.150391 12.249423 0.071678  -0.418589
679.248047 12.248637 0.071735  -0.418629
679.345703 12.247852 0.071791  -0.418669
679.443359 12.247067 0.071847  -0.418709
679.541016 12.246282 0.071903  -0.418749
679.638672 12.245497 0.071959  -0.418789
679.736328 12.244712 0.072015  -0.418829
679.833984 12.243927 0.072071  -0.418869
679.931641 12.243143 0.072128  -0.418909
680.029297 12.242359 0.072184  -0.418948
680.126953 12.241574 0.072240  -0.418988
680.224609 12.240790 0.072297  -0.419028
680.322266 12.240006 0.072353  -0.419068
680.419922 12.239222 0.072409  -0.419107
680.517578 12.238439 0.072466  -0.419147
680.615234 12.237655 0.072522  -0.419187
680.712891 12.236872 0.072579  -0.419226
680.810547 12.236088 0.072635  -0.419266
680.908203 12.235305 0.072692  -0.419306
681.005859 12.234522 0.072748  -0.419345
681.103516 12.233739 0.072805  -0.419385
681.201172 12.232956 0.072862  -0.419424
681.298828 12.232173 0.072918  -0.419464
681.396484 12.231391 0.072975  -0.419504
681.494141 12.230608 0.073032  -0.419543
681.591797 12.229826 0.073088  -0.419582
681.689453 12.229044 0.073145  -0.419622
681.787109 12.228262 0.073202  -0.419661
681.884766 12.227480 0.073259  -0.419701
681.982422 12.226698 0.073316  -0.419740
682.080078 12.225917 0.073373  -0.419780
682.177734 12.225135 0.073430  -0.419819
682.275391 12.224354 0.073487  -0.419858
682.373047 12.223572 0.073544  -0.419898
682.470703 12.222791 0.073601  -0.419937
682.568359 12.222010 0.073658  -0.419976
682.666016 12.221229 0.073715  -0.420016
682.763672 12.220448 0.073772  -0.420055
682.861328 12.219668 0.073829  -0.420094
682.958984 12.218887 0.073886  -0.420133
683.056641 12.218107 0.073944  -0.420172
683.154297 12.217327 0.074001  -0.420212
683.251953 12.216546 0.074058  -0.420251
683.349609 12.215766 0.074116  -0.420290
683.447266 12.214987 0.074173  -0.420329
683.544922 12.214207 0.074230  -0.420368
683.642578 12.213427 0.074288  -0.420407
683.740234 12.212648 0.074345  -0.420446
683.837891 12.211868 0.074403  -0.420485
683.935547 12.211089 0.074460  -0.420524
684.033203 12.210310 0.074518  -0.420563
684.130859 12.209531 0.074575  -0.420602
684.228516 12.208752 0.074633  -0.420641
684.326172 12.207973 0.074691  -0.420680
684.423828 12.207195 0.074748  -0.420719
684.521484 12.206416 0.074806  -0.420758
684.619141 12.205638 0.074864  -0.420797
684.716797 12.204860 0.074922  -0.420835
684.814453 12.204082 0.074979  -0.420874
684.912109 12.203304 0.075037  -0.420913
685.009766 12.202526 0.075095  -0.420952
685.107422 12.201748 0.075153  -0.420990
685.205078 12.200970 0.075211  -0.421029
685.302734 12.200193 0.075269  -0.421068
685.400391 12.199416 0.075327  -0.421107
685.498047 12.198638 0.075385  -0.421145
685.595703 12.197861 0.075443  -0.421184
685.693359 12.197084 0.075501  -0.421223
685.791016 12.196308 0.075560  -0.421261
685.888672 12.195531 0.075618  -0.421300
685.986328 12.194754 0.075676  -0.421338
686.083984 12.193978 0.075734  -0.421377
686.181641 12.193201 0.075792  -0.421415
686.279297 12.192425 0.075851  -0.421454
686.376953 12.191649 0.075909  -0.421492
686.474609 12.190873 0.075968  -0.421531
686.572266 12.190097 0.076026  -0.421569
686.669922 12.189322 0.076085  -0.421608
686.767578 12.188546 0.076143  -0.421646
686.865234 12.187771 0.076202  -0.421684
686.962891 12.186995 0.076260  -0.421723
687.060547 12.186220 0.076319  -0.421761
687.158203 12.185445 0.076377  -0.421799
687.255859 12.184670 0.076436  -0.421838
687.353516 12.183895 0.076495  -0.421876
687.451172 12.183121 0.076554  -0.421914
687.548828 12.182346 0.076612  -0.421952
687.646484 12.181572 0.076671  -0.421991
687.744141 12.180798 0.076730  -0.422029
687.841797 12.180023 0.076789  -0.422067
687.939453 12.179249 0.076848  -0.422105
688.037109 12.178475 0.076907  -0.422143
688.134766 12.177702 0.076966  -0.422181
688.232422 12.176928 0.077025  -0.422219
688.330078 12.176154 0.077084  -0.422257
688.427734 12.175381 0.077143  -0.422295
688.525391 12.174608 0.077202  -0.422333
688.623047 12.173834 0.077261  -0.422371
688.720703 12.173061 0.077321  -0.422409
688.818359 12.172288 0.077380  -0.422447
688.916016 12.171516 0.077439  -0.422485
689.013672 12.170743 0.077499  -0.422523
689.111328 12.169970 0.077558  -0.422561
689.208984 12.169198 0.077617  -0.422599
689.306641 12.168426 0.077677  -0.422637
689.404297 12.167654 0.077736  -0.422675
689.501953 12.166882 0.077796  -0.422712
689.599609 12.166110 0.077855  -0.422750
689.697266 12.165338 0.077915  -0.422788
689.794922 12.164566 0.077975  -0.422826
689.892578 12.163795 0.078034  -0.422863
689.990234 12.163023 0.078094  -0.422901
690.087891 12.162252 0.078154  -0.422939
690.185547 12.161481 0.078213  -0.422976
690.283203 12.160710 0.078273  -0.423014
690.380859 12.159939 0.078333  -0.423051
690.478516 12.159168 0.078393  -0.423089
690.576172 12.158397 0.078453  -0.423127
690.673828 12.157627 0.078513  -0.423164
690.771484 12.156856 0.078573  -0.423202
690.869141 12.156086 0.078633  -0.423239
690.966797 12.155316 0.078693  -0.423277
691.064453 12.154546 0.078753  -0.423314
691.162109 12.153776 0.078813  -0.423351
691.259766 12.153006 0.078873  -0.423389
691.357422 12.152237 0.078934  -0.423426
691.455078 12.151467 0.078994  -0.423464
691.552734 12.150698 0.079054  -0.423501
691.650391 12.149928 0.079115  -0.423538
691.748047 12.149159 0.079175  -0.423575
691.845703 12.148390 0.079235  -0.423613
691.943359 12.147621 0.079296  -0.423650
692.041016 12.146852 0.079356  -0.423687
692.138672 12.146084 0.079417  -0.423724
692.236328 12.145315 0.079478  -0.423762
692.333984 12.144547 0.079538  -0.423799
692.431641 12.143779 0.079599  -0.423836
692.529297 12.143010 0.079660  -0.423873
692.626953 12.142242 0.079720  -0.423910
692.724609 12.141474 0.079781  -0.423947
692.822266 12.140707 0.079842  -0.423984
692.919922 12.139939 0.079903  -0.424021
693.017578 12.139171 0.079964  -0.424058
693.115234 12.138404 0.080025  -0.424095
693.212891 12.137637 0.080086  -0.424132
693.310547 12.136870 0.080147  -0.424169
693.408203 12.136103 0.080208  -0.424206
693.505859 12.135336 0.080269  -0.424243
693.603516 12.134569 0.080330  -0.424280
693.701172 12.133802 0.080391  -0.424316
693.798828 12.133036 0.080452  -0.424353
693.896484 12.132269 0.080513  -0.424390
693.994141 12.131503 0.080575  -0.424427
694.091797 12.130737 0.080636  -0.424463
694.189453 12.129971 0.080697  -0.424500
694.287109 12.129205 0.080759  -0.424537
694.384766 12.128439 0.080820  -0.424573
694.482422 12.127673 0.080882  -0.424610
694.580078 12.126908 0.080943  -0.424647
694.677734 12.126142 0.081005  -0.424683
694.775391 12.125377 0.081067  -0.424720
694.873047 12.124612 0.081128  -0.424756
694.970703 12.123847 0.081190  -0.424793
695.068359 12.123082 0.081252  -0.424830
695.166016 12.122317 0.081313  -0.424866
695.263672 12.121552 0.081375  -0.424902
695.361328 12.120788 0.081437  -0.424939
695.458984 12.120023 0.081499  -0.424975
695.556641 12.119259 0.081561  -0.425012
695.654297 12.118495 0.081623  -0.425048
695.751953 12.117730 0.081685  -0.425084
695.849609 12.116967 0.081747  -0.425121
695.947266 12.116203 0.081809  -0.425157
696.044922 12.115439 0.081871  -0.425193
696.142578 12.114675 0.081934  -0.425230
696.240234 12.113912 0.081996  -0.425266
696.337891 12.113149 0.082058  -0.425302
696.435547 12.112385 0.082120  -0.425338
696.533203 12.111622 0.082183  -0.425374
696.630859 12.110859 0.082245  -0.425410
696.728516 12.110096 0.082308  -0.425447
696.826172 12.109334 0.082370  -0.425483
696.923828 12.108571 0.082433  -0.425519
697.021484 12.107809 0.082495  -0.425555
697.119141 12.107046 0.082558  -0.425591
697.216797 12.106284 0.082620  -0.425627
697.314453 12.105522 0.082683  -0.425663
697.412109 12.104760 0.082746  -0.425699
697.509766 12.103998 0.082809  -0.425735
697.607422 12.103236 0.082871  -0.425770
697.705078 12.102475 0.082934  -0.425806
697.802734 12.101713 0.082997  -0.425842
697.900391 12.100952 0.083060  -0.425878
697.998047 12.100191 0.083123  -0.425914
698.095703 12.099429 0.083186  -0.425950
698.193359 12.098668 0.083249  -0.425985
698.291016 12.097908 0.083312  -0.426021
698.388672 12.097147 0.083376  -0.426057
698.486328 12.096386 0.083439  -0.426092
698.583984 12.095626 0.083502  -0.426128
698.681641 12.094865 0.083565  -0.426164
698.779297 12.094105 0.083629  -0.426199
698.876953 12.093345 0.083692  -0.426235
698.974609 12.092585 0.083755  -0.426270
699.072266 12.091825 0.083819  -0.426306
699.169922 12.091065 0.083882  -0.426341
699.267578 12.090305 0.083946  -0.426377
699.365234 12.089546 0.084009  -0.426412
699.462891 12.088786 0.084073  -0.426448
699.560547 12.088027 0.084137  -0.426483
699.658203 12.087268 0.084201  -0.426519
699.755859 12.086509 0.084264  -0.426554
699.853516 12.085750 0.084328  -0.426589
699.951172 12.084991 0.084392  -0.426625
700.048828 12.084232 0.084456  -0.426660
700.146484 12.083474 0.084520  -0.426695
700.244141 12.082715 0.084584  -0.426730
700.341797 12.081957 0.084648  -0.426766
700.439453 12.081199 0.084712  -0.426801
700.537109 12.080441 0.084776  -0.426836
700.634766 12.079683 0.084840  -0.426871
700.732422 12.078925 0.084904  -0.426906
700.830078 12.078167 0.084969  -0.426941
700.927734 12.077410 0.085033  -0.426976
701.025391 12.076652 0.085097  -0.427011
701.123047 12.075895 0.085162  -0.427046
701.220703 12.075138 0.085226  -0.427081
701.318359 12.074380 0.085291  -0.427116
701.416016 12.073624 0.085355  -0.427151
701.513672 12.072867 0.085420  -0.427186
701.611328 12.072110 0.085484  -0.427221
701.708984 12.071353 0.085549  -0.427256
701.806641 12.070597 0.085614  -0.427291
701.904297 12.069840 0.085678  -0.427326
702.001953 12.069084 0.085743  -0.427360
702.099609 12.068328 0.085808  -0.427395
702.197266 12.067572 0.085873  -0.427430
702.294922 12.066816 0.085938  -0.427465
702.392578 12.066060 0.086003  -0.427499
702.490234 12.065305 0.086068  -0.427534
702.587891 12.064549 0.086133  -0.427569
702.685547 12.063794 0.086198  -0.427603
702.783203 12.063038 0.086263  -0.427638
702.880859 12.062283 0.086328  -0.427672
702.978516 12.061528 0.086393  -0.427707
703.076172 12.060773 0.086459  -0.427741
703.173828 12.060018 0.086524  -0.427776
703.271484 12.059264 0.086589  -0.427810
703.369141 12.058509 0.086655  -0.427845
703.466797 12.057755 0.086720  -0.427879
703.564453 12.057000 0.086786  -0.427914
703.662109 12.056246 0.086851  -0.427948
703.759766 12.055492 0.086917  -0.427982
703.857422 12.054738 0.086983  -0.428017
703.955078 12.053984 0.087048  -0.428051
704.052734 12.053231 0.087114  -0.428085
704.150391 12.052477 0.087180  -0.428119
704.248047 12.051723 0.087246  -0.428154
704.345703 12.050970 0.087311  -0.428188
704.443359 12.050217 0.087377  -0.428222
704.541016 12.049464 0.087443  -0.428256
704.638672 12.048711 0.087509  -0.428290
704.736328 12.047958 0.087575  -0.428324
704.833984 12.047205 0.087641  -0.428358
704.931641 12.046452 0.087708  -0.428392
705.029297 12.045700 0.087774  -0.428426
705.126953 12.044947 0.087840  -0.428460
705.224609 12.044195 0.087906  -0.428494
705.322266 12.043443 0.087973  -0.428528
705.419922 12.042691 0.088039  -0.428562
705.517578 12.041939 0.088105  -0.428596
705.615234 12.041187 0.088172  -0.428630
705.712891 12.040436 0.088238  -0.428664
705.810547 12.039684 0.088305  -0.428698
705.908203 12.038933 0.088372  -0.428731
706.005859 12.038181 0.088438  -0.428765
706.103516 12.037430 0.088505  -0.428799
706.201172 12.036679 0.088572  -0.428832
706.298828 12.035928 0.088639  -0.428866
706.396484 12.035177 0.088705  -0.428900
706.494141 12.034426 0.088772  -0.428933
706.591797 12.033676 0.088839  -0.428967
706.689453 12.032925 0.088906  -0.429001
706.787109 12.032175 0.088973  -0.429034
706.884766 12.031425 0.089040  -0.429068
706.982422 12.030675 0.089107  -0.429101
707.080078 12.029925 0.089175  -0.429135
707.177734 12.029175 0.089242  -0.429168
707.275391 12.028425 0.089309  -0.429201
707.373047 12.027675 0.089376  -0.429235
707.470703 12.026926 0.089444  -0.429268
707.568359 12.026176 0.089511  -0.429301
707.666016 12.025427 0.089579  -0.429335
707.763672 12.024678 0.089646  -0.429368
707.861328 12.023929 0.089714  -0.429401
707.958984 12.023180 0.089781  -0.429434
708.056641 12.022431 0.089849  -0.429468
708.154297 12.021682 0.089917  -0.429501
708.251953 12.020934 0.089984  -0.429534
708.349609 12.020185 0.090052  -0.429567
708.447266 12.019437 0.090120  -0.429600
708.544922 12.018689 0.090188  -0.429633
708.642578 12.017941 0.090256  -0.429666
708.740234 12.017193 0.090324  -0.429699
708.837891 12.016445 0.090392  -0.429732
708.935547 12.015697 0.090460  -0.429765
709.033203 12.014949 0.090528  -0.429798
709.130859 12.014202 0.090596  -0.429831
709.228516 12.013455 0.090665  -0.429864
709.326172 12.012707 0.090733  -0.429897
709.423828 12.011960 0.090801  -0.429929
709.521484 12.011213 0.090870  -0.429962
709.619141 12.010466 0.090938  -0.429995
709.716797 12.009719 0.091006  -0.430028
709.814453 12.008973 0.091075  -0.430060
709.912109 12.008226 0.091143  -0.430093
710.009766 12.007480 0.091212  -0.430126
710.107422 12.006733 0.091281  -0.430158
710.205078 12.005987 0.091349  -0.430191
710.302734 12.005241 0.091418  -0.430224
710.400391 12.004495 0.091487  -0.430256
710.498047 12.003749 0.091556  -0.430289
710.595703 12.003004 0.091625  -0.430321
710.693359 12.002258 0.091694  -0.430354
710.791016 12.001512 0.091763  -0.430386
710.888672 12.000767 0.091832  -0.430418
710.986328 12.000022 0.091901  -0.430451
711.083984 11.999277 0.091970  -0.430483
711.181641 11.998532 0.092039  -0.430516
711.279297 11.997787 0.092108  -0.430548
711.376953 11.997042 0.092178  -0.430580
711.474609 11.996297 0.092247  -0.430612
711.572266 11.995553 0.092316  -0.430645
711.669922 11.994808 0.092386  -0.430677
711.767578 11.994064 0.092455  -0.430709
711.865234 11.993320 0.092525  -0.430741
711.962891 11.992576 0.092595  -0.430773
712.060547 11.991832 0.092664  -0.430805
712.158203 11.991088 0.092734  -0.430837
712.255859 11.990344 0.092804  -0.430869
712.353516 11.989601 0.092873  -0.430901
712.451172 11.988857 0.092943  -0.430933
712.548828 11.988114 0.093013  -0.430965
712.646484 11.987370 0.093083  -0.430997
712.744141 11.986627 0.093153  -0.431029
712.841797 11.985884 0.093223  -0.431061
712.939453 11.985141 0.093293  -0.431093
713.037109 11.984399 0.093363  -0.431124
713.134766 11.983656 0.093433  -0.431156
713.232422 11.982913 0.093504  -0.431188
713.330078 11.982171 0.093574  -0.431220
713.427734 11.981429 0.093644  -0.431251
713.525391 11.980686 0.093715  -0.431283
713.623047 11.979944 0.093785  -0.431315
713.720703 11.979202 0.093856  -0.431346
713.818359 11.978461 0.093926  -0.431378
713.916016 11.977719 0.093997  -0.431409
714.013672 11.976977 0.094067  -0.431441
714.111328 11.976236 0.094138  -0.431472
714.208984 11.975494 0.094209  -0.431504
714.306641 11.974753 0.094279  -0.431535
714.404297 11.974012 0.094350  -0.431567
714.501953 11.973271 0.094421  -0.431598
714.599609 11.972530 0.094492  -0.431629
714.697266 11.971789 0.094563  -0.431661
714.794922 11.971049 0.094634  -0.431692
714.892578 11.970308 0.094705  -0.431723
714.990234 11.969568 0.094776  -0.431755
715.087891 11.968827 0.094848  -0.431786
715.185547 11.968087 0.094919  -0.431817
715.283203 11.967347 0.094990  -0.431848
715.380859 11.966607 0.095061  -0.431879
715.478516 11.965867 0.095133  -0.431910
715.576172 11.965127 0.095204  -0.431941
715.673828 11.964388 0.095276  -0.431972
715.771484 11.963648 0.095347  -0.432003
715.869141 11.962909 0.095419  -0.432034
715.966797 11.962170 0.095490  -0.432065
716.064453 11.961430 0.095562  -0.432096
716.162109 11.960691 0.095634  -0.432127
716.259766 11.959952 0.095706  -0.432158
716.357422 11.959214 0.095777  -0.432189
716.455078 11.958475 0.095849  -0.432220
716.552734 11.957736 0.095921  -0.432250
716.650391 11.956998 0.095993  -0.432281
716.748047 11.956260 0.096065  -0.432312
716.845703 11.955521 0.096137  -0.432343
716.943359 11.954783 0.096210  -0.432373
717.041016 11.954045 0.096282  -0.432404
717.138672 11.953307 0.096354  -0.432434
717.236328 11.952570 0.096426  -0.432465
717.333984 11.951832 0.096499  -0.432496
717.431641 11.951094 0.096571  -0.432526
717.529297 11.950357 0.096643  -0.432557
717.626953 11.949620 0.096716  -0.432587
717.724609 11.948882 0.096788  -0.432617
717.822266 11.948145 0.096861  -0.432648
717.919922 11.947408 0.096934  -0.432678
718.017578 11.946672 0.097006  -0.432709
718.115234 11.945935 0.097079  -0.432739
718.212891 11.945198 0.097152  -0.432769
718.310547 11.944462 0.097225  -0.432799
718.408203 11.943725 0.097298  -0.432830
718.505859 11.942989 0.097371  -0.432860
718.603516 11.942253 0.097444  -0.432890
718.701172 11.941517 0.097517  -0.432920
718.798828 11.940781 0.097590  -0.432950
718.896484 11.940045 0.097663  -0.432980
718.994141 11.939310 0.097736  -0.433010
719.091797 11.938574 0.097809  -0.433040
719.189453 11.937839 0.097883  -0.433070
719.287109 11.937103 0.097956  -0.433100
719.384766 11.936368 0.098030  -0.433130
719.482422 11.935633 0.098103  -0.433160
719.580078 11.934898 0.098177  -0.433190
719.677734 11.934163 0.098250  -0.433220
719.775391 11.933428 0.098324  -0.433250
719.873047 11.932694 0.098397  -0.433279
719.970703 11.931959 0.098471  -0.433309
720.068359 11.931225 0.098545  -0.433339
720.166016 11.930491 0.098619  -0.433369
720.263672 11.929756 0.098693  -0.433398
720.361328 11.929022 0.098767  -0.433428
720.458984 11.928288 0.098841  -0.433457
720.556641 11.927554 0.098915  -0.433487
720.654297 11.926821 0.098989  -0.433517
720.751953 11.926087 0.099063  -0.433546
720.849609 11.925354 0.099137  -0.433576
720.947266 11.924620 0.099211  -0.433605
721.044922 11.923887 0.099286  -0.433634
721.142578 11.923154 0.099360  -0.433664
721.240234 11.922421 0.099434  -0.433693
721.337891 11.921688 0.099509  -0.433723
721.435547 11.920955 0.099583  -0.433752
721.533203 11.920222 0.099658  -0.433781
721.630859 11.919490 0.099732  -0.433810
721.728516 11.918757 0.099807  -0.433840
721.826172 11.918025 0.099882  -0.433869
721.923828 11.917293 0.099957  -0.433898
722.021484 11.916561 0.100031  -0.433927
722.119141 11.915829 0.100106  -0.433956
722.216797 11.915097 0.100181  -0.433985
722.314453 11.914365 0.100256  -0.434014
722.412109 11.913633 0.100331  -0.434043
722.509766 11.912902 0.100406  -0.434072
722.607422 11.912171 0.100481  -0.434101
722.705078 11.911439 0.100557  -0.434130
722.802734 11.910708 0.100632  -0.434159
722.900391 11.909977 0.100707  -0.434188
722.998047 11.909246 0.100782  -0.434216
723.095703 11.908515 0.100858  -0.434245
723.193359 11.907784 0.100933  -0.434274
723.291016 11.907054 0.101009  -0.434303
723.388672 11.906323 0.101084  -0.434331
723.486328 11.905593 0.101160  -0.434360
723.583984 11.904863 0.101236  -0.434389
723.681641 11.904132 0.101311  -0.434417
723.779297 11.903402 0.101387  -0.434446
723.876953 11.902672 0.101463  -0.434474
723.974609 11.901943 0.101539  -0.434503
724.072266 11.901213 0.101615  -0.434531
724.169922 11.900483 0.101691  -0.434560
724.267578 11.899754 0.101767  -0.434588
724.365234 11.899024 0.101843  -0.434617
724.462891 11.898295 0.101919  -0.434645
724.560547 11.897566 0.101995  -0.434673
724.658203 11.896837 0.102071  -0.434701
724.755859 11.896108 0.102148  -0.434730
724.853516 11.895379 0.102224  -0.434758
724.951172 11.894651 0.102300  -0.434786
725.048828 11.893922 0.102377  -0.434814
725.146484 11.893194 0.102453  -0.434842
725.244141 11.892465 0.102530  -0.434871
725.341797 11.891737 0.102606  -0.434899
725.439453 11.891009 0.102683  -0.434927
725.537109 11.890281 0.102760  -0.434955
725.634766 11.889553 0.102837  -0.434983
725.732422 11.888825 0.102913  -0.435011
725.830078 11.888098 0.102990  -0.435038
725.927734 11.887370 0.103067  -0.435066
726.025391 11.886643 0.103144  -0.435094
726.123047 11.885915 0.103221  -0.435122
726.220703 11.885188 0.103298  -0.435150
726.318359 11.884461 0.103375  -0.435178
726.416016 11.883734 0.103453  -0.435205
726.513672 11.883007 0.103530  -0.435233
726.611328 11.882280 0.103607  -0.435261
726.708984 11.881554 0.103684  -0.435288
726.806641 11.880827 0.103762  -0.435316
726.904297 11.880101 0.103839  -0.435343
727.001953 11.879374 0.103917  -0.435371
727.099609 11.878648 0.103994  -0.435398
727.197266 11.877922 0.104072  -0.435426
727.294922 11.877196 0.104150  -0.435453
727.392578 11.876470 0.104227  -0.435481
727.490234 11.875745 0.104305  -0.435508
727.587891 11.875019 0.104383  -0.435535
727.685547 11.874294 0.104461  -0.435563
727.783203 11.873568 0.104539  -0.435590
727.880859 11.872843 0.104617  -0.435617
727.978516 11.872118 0.104695  -0.435645
728.076172 11.871393 0.104773  -0.435672
728.173828 11.870668 0.104851  -0.435699
728.271484 11.869943 0.104929  -0.435726
728.369141 11.869218 0.105007  -0.435753
728.466797 11.868493 0.105086  -0.435780
728.564453 11.867769 0.105164  -0.435807
728.662109 11.867045 0.105242  -0.435834
728.759766 11.866320 0.105321  -0.435861
728.857422 11.865596 0.105399  -0.435888
728.955078 11.864872 0.105478  -0.435915
729.052734 11.864148 0.105557  -0.435942
729.150391 11.863424 0.105635  -0.435969
729.248047 11.862701 0.105714  -0.435995
729.345703 11.861977 0.105793  -0.436022
729.443359 11.861254 0.105872  -0.436049
729.541016 11.860530 0.105951  -0.436076
729.638672 11.859807 0.106029  -0.436102
729.736328 11.859084 0.106108  -0.436129
729.833984 11.858361 0.106188  -0.436155
729.931641 11.857638 0.106267  -0.436182
730.029297 11.856915 0.106346  -0.436209
730.126953 11.856192 0.106425  -0.436235
730.224609 11.855470 0.106504  -0.436261
730.322266 11.854747 0.106584  -0.436288
730.419922 11.854025 0.106663  -0.436314
730.517578 11.853303 0.106742  -0.436341
730.615234 11.852580 0.106822  -0.436367
730.712891 11.851858 0.106901  -0.436393
730.810547 11.851137 0.106981  -0.436420
730.908203 11.850415 0.107061  -0.436446
731.005859 11.849693 0.107140  -0.436472
731.103516 11.848971 0.107220  -0.436498
731.201172 11.848250 0.107300  -0.436524
731.298828 11.847529 0.107380  -0.436550
731.396484 11.846807 0.107460  -0.436577
731.494141 11.846086 0.107540  -0.436603
731.591797 11.845365 0.107620  -0.436629
731.689453 11.844644 0.107700  -0.436655
731.787109 11.843923 0.107780  -0.436681
731.884766 11.843203 0.107860  -0.436706
731.982422 11.842482 0.107940  -0.436732
732.080078 11.841762 0.108020  -0.436758
732.177734 11.841041 0.108101  -0.436784
732.275391 11.840321 0.108181  -0.436810
732.373047 11.839601 0.108262  -0.436835
732.470703 11.838881 0.108342  -0.436861
732.568359 11.838161 0.108423  -0.436887
732.666016 11.837441 0.108503  -0.436912
732.763672 11.836722 0.108584  -0.436938
732.861328 11.836002 0.108665  -0.436964
732.958984 11.835283 0.108745  -0.436989
733.056641 11.834563 0.108826  -0.437015
733.154297 11.833844 0.108907  -0.437040
733.251953 11.833125 0.108988  -0.437066
733.349609 11.832406 0.109069  -0.437091
733.447266 11.831687 0.109150  -0.437116
733.544922 11.830968 0.109231  -0.437142
733.642578 11.830249 0.109312  -0.437167
733.740234 11.829531 0.109393  -0.437192
733.837891 11.828812 0.109475  -0.437218
733.935547 11.828094 0.109556  -0.437243
734.033203 11.827376 0.109637  -0.437268
734.130859 11.826658 0.109719  -0.437293
734.228516 11.825940 0.109800  -0.437318
734.326172 11.825222 0.109882  -0.437343
734.423828 11.824504 0.109963  -0.437368
734.521484 11.823786 0.110045  -0.437393
734.619141 11.823069 0.110127  -0.437418
734.716797 11.822351 0.110208  -0.437443
734.814453 11.821634 0.110290  -0.437468
734.912109 11.820917 0.110372  -0.437493
735.009766 11.820200 0.110454  -0.437518
735.107422 11.819483 0.110536  -0.437543
735.205078 11.818766 0.110618  -0.437567
735.302734 11.818049 0.110700  -0.437592
735.400391 11.817332 0.110782  -0.437617
735.498047 11.816616 0.110864  -0.437642
735.595703 11.815899 0.110946  -0.437666
735.693359 11.815183 0.111029  -0.437691
735.791016 11.814467 0.111111  -0.437715
735.888672 11.813750 0.111193  -0.437740
735.986328 11.813034 0.111276  -0.437764
736.083984 11.812318 0.111358  -0.437789
736.181641 11.811603 0.111441  -0.437813
736.279297 11.810887 0.111523  -0.437838
736.376953 11.810171 0.111606  -0.437862
736.474609 11.809456 0.111689  -0.437886
736.572266 11.808740 0.111772  -0.437911
736.669922 11.808025 0.111854  -0.437935
736.767578 11.807310 0.111937  -0.437959
736.865234 11.806595 0.112020  -0.437983
736.962891 11.805880 0.112103  -0.438007
737.060547 11.805165 0.112186  -0.438032
737.158203 11.804451 0.112269  -0.438056
737.255859 11.803736 0.112352  -0.438080
737.353516 11.803022 0.112436  -0.438104
737.451172 11.802307 0.112519  -0.438128
737.548828 11.801593 0.112602  -0.438152
737.646484 11.800879 0.112685  -0.438176
737.744141 11.800165 0.112769  -0.438199
737.841797 11.799451 0.112852  -0.438223
737.939453 11.798737 0.112936  -0.438247
738.037109 11.798023 0.113019  -0.438271
738.134766 11.797310 0.113103  -0.438295
738.232422 11.796596 0.113187  -0.438318
738.330078 11.795883 0.113270  -0.438342
738.427734 11.795169 0.113354  -0.438366
738.525391 11.794456 0.113438  -0.438389
738.623047 11.793743 0.113522  -0.438413
738.720703 11.793030 0.113606  -0.438436
738.818359 11.792317 0.113690  -0.438460
738.916016 11.791605 0.113774  -0.438483
739.013672 11.790892 0.113858  -0.438507
739.111328 11.790180 0.113942  -0.438530
739.208984 11.789467 0.114026  -0.438553
739.306641 11.788755 0.114111  -0.438577
739.404297 11.788043 0.114195  -0.438600
739.501953 11.787331 0.114279  -0.438623
739.599609 11.786619 0.114364  -0.438646
739.697266 11.785907 0.114448  -0.438670
739.794922 11.785195 0.114533  -0.438693
739.892578 11.784483 0.114618  -0.438716
739.990234 11.783772 0.114702  -0.438739
740.087891 11.783061 0.114787  -0.438762
740.185547 11.782349 0.114872  -0.438785
740.283203 11.781638 0.114956  -0.438808
740.380859 11.780927 0.115041  -0.438831
740.478516 11.780216 0.115126  -0.438854
740.576172 11.779505 0.115211  -0.438877
740.673828 11.778794 0.115296  -0.438899
740.771484 11.778084 0.115381  -0.438922
740.869141 11.777373 0.115466  -0.438945
740.966797 11.776663 0.115552  -0.438968
741.064453 11.775952 0.115637  -0.438990
741.162109 11.775242 0.115722  -0.439013
741.259766 11.774532 0.115808  -0.439036
741.357422 11.773822 0.115893  -0.439058
741.455078 11.773112 0.115978  -0.439081
741.552734 11.772402 0.116064  -0.439103
741.650391 11.771693 0.116149  -0.439126
741.748047 11.770983 0.116235  -0.439148
741.845703 11.770274 0.116321  -0.439170
741.943359 11.769564 0.116407  -0.439193
742.041016 11.768855 0.116492  -0.439215
742.138672 11.768146 0.116578  -0.439237
742.236328 11.767437 0.116664  -0.439260
742.333984 11.766728 0.116750  -0.439282
742.431641 11.766019 0.116836  -0.439304
742.529297 11.765311 0.116922  -0.439326
742.626953 11.764602 0.117008  -0.439348
742.724609 11.763893 0.117094  -0.439370
742.822266 11.763185 0.117181  -0.439392
742.919922 11.762477 0.117267  -0.439414
743.017578 11.761769 0.117353  -0.439436
743.115234 11.761061 0.117440  -0.439458
743.212891 11.760353 0.117526  -0.439480
743.310547 11.759645 0.117612  -0.439502
743.408203 11.758937 0.117699  -0.439524
743.505859 11.758230 0.117786  -0.439546
743.603516 11.757522 0.117872  -0.439567
743.701172 11.756815 0.117959  -0.439589
743.798828 11.756107 0.118046  -0.439611
743.896484 11.755400 0.118132  -0.439632
743.994141 11.754693 0.118219  -0.439654
744.091797 11.753986 0.118306  -0.439676
744.189453 11.753279 0.118393  -0.439697
744.287109 11.752573 0.118480  -0.439719
744.384766 11.751866 0.118567  -0.439740
744.482422 11.751159 0.118654  -0.439762
744.580078 11.750453 0.118742  -0.439783
744.677734 11.749747 0.118829  -0.439804
744.775391 11.749040 0.118916  -0.439826
744.873047 11.748334 0.119004  -0.439847
744.970703 11.747628 0.119091  -0.439868
745.068359 11.746922 0.119178  -0.439889
745.166016 11.746217 0.119266  -0.439910
745.263672 11.745511 0.119354  -0.439932
745.361328 11.744805 0.119441  -0.439953
745.458984 11.744100 0.119529  -0.439974
745.556641 11.743395 0.119617  -0.439995
745.654297 11.742689 0.119704  -0.440016
745.751953 11.741984 0.119792  -0.440037
745.849609 11.741279 0.119880  -0.440058
745.947266 11.740574 0.119968  -0.440078
746.044922 11.739870 0.120056  -0.440099
746.142578 11.739165 0.120144  -0.440120
746.240234 11.738460 0.120232  -0.440141
746.337891 11.737756 0.120320  -0.440162
746.435547 11.737051 0.120408  -0.440182
746.533203 11.736347 0.120497  -0.440203
746.630859 11.735643 0.120585  -0.440223
746.728516 11.734939 0.120673  -0.440244
746.826172 11.734235 0.120762  -0.440265
746.923828 11.733531 0.120850  -0.440285
747.021484 11.732827 0.120939  -0.440306
747.119141 11.732124 0.121027  -0.440326
747.216797 11.731420 0.121116  -0.440346
747.314453 11.730717 0.121205  -0.440367
747.412109 11.730013 0.121294  -0.440387
747.509766 11.729310 0.121382  -0.440407
747.607422 11.728607 0.121471  -0.440428
747.705078 11.727904 0.121560  -0.440448
747.802734 11.727201 0.121649  -0.440468
747.900391 11.726499 0.121738  -0.440488
747.998047 11.725796 0.121827  -0.440508
748.095703 11.725093 0.121916  -0.440528
748.193359 11.724391 0.122005  -0.440548
748.291016 11.723689 0.122095  -0.440568
748.388672 11.722986 0.122184  -0.440588
748.486328 11.722284 0.122273  -0.440608
748.583984 11.721582 0.122363  -0.440628
748.681641 11.720880 0.122452  -0.440648
748.779297 11.720178 0.122542  -0.440667
748.876953 11.719477 0.122631  -0.440687
748.974609 11.718775 0.122721  -0.440707
749.072266 11.718074 0.122810  -0.440727
749.169922 11.717372 0.122900  -0.440746
749.267578 11.716671 0.122990  -0.440766
749.365234 11.715970 0.123080  -0.440785
749.462891 11.715269 0.123170  -0.440805
749.560547 11.714568 0.123260  -0.440824
749.658203 11.713867 0.123350  -0.440844
749.755859 11.713166 0.123440  -0.440863
749.853516 11.712466 0.123530  -0.440883
749.951172 11.711765 0.123620  -0.440902
