freqs     stokes_i  stokes_q  stokes_u 
550.048828 41.570114 0.000000  0.000000 
550.146484 41.565746 0.000000  0.000000 
550.244141 41.561379 0.000000  0.000000 
550.341797 41.557013 0.000000  0.000000 
550.439453 41.552648 0.000000  0.000000 
550.537109 41.548285 0.000000  0.000000 
550.634766 41.543922 0.000000  0.000000 
550.732422 41.539560 0.000000  0.000000 
550.830078 41.535199 0.000000  0.000000 
550.927734 41.530839 0.000000  0.000000 
551.025391 41.526480 0.000000  0.000000 
551.123047 41.522122 0.000000  0.000000 
551.220703 41.517765 0.000000  0.000000 
551.318359 41.513409 0.000000  0.000000 
551.416016 41.509054 0.000000  0.000000 
551.513672 41.504701 0.000000  0.000000 
551.611328 41.500348 0.000000  0.000000 
551.708984 41.495996 0.000000  0.000000 
551.806641 41.491645 0.000000  0.000000 
551.904297 41.487295 0.000000  0.000000 
552.001953 41.482946 0.000000  0.000000 
552.099609 41.478598 0.000000  0.000000 
552.197266 41.474251 0.000000  0.000000 
552.294922 41.469905 0.000000  0.000000 
552.392578 41.465561 0.000000  0.000000 
552.490234 41.461217 0.000000  0.000000 
552.587891 41.456874 0.000000  0.000000 
552.685547 41.452532 0.000000  0.000000 
552.783203 41.448191 0.000000  0.000000 
552.880859 41.443851 0.000000  0.000000 
552.978516 41.439512 0.000000  0.000000 
553.076172 41.435174 0.000000  0.000000 
553.173828 41.430837 0.000000  0.000000 
553.271484 41.426501 0.000000  0.000000 
553.369141 41.422166 0.000000  0.000000 
553.466797 41.417832 0.000000  0.000000 
553.564453 41.413500 0.000000  0.000000 
553.662109 41.409168 0.000000  0.000000 
553.759766 41.404837 0.000000  0.000000 
553.857422 41.400507 0.000000  0.000000 
553.955078 41.396178 0.000000  0.000000 
554.052734 41.391850 0.000000  0.000000 
554.150391 41.387523 0.000000  0.000000 
554.248047 41.383197 0.000000  0.000000 
554.345703 41.378872 0.000000  0.000000 
554.443359 41.374548 0.000000  0.000000 
554.541016 41.370225 0.000000  0.000000 
554.638672 41.365903 0.000000  0.000000 
554.736328 41.361581 0.000000  0.000000 
554.833984 41.357261 0.000000  0.000000 
554.931641 41.352942 0.000000  0.000000 
555.029297 41.348624 0.000000  0.000000 
555.126953 41.344307 0.000000  0.000000 
555.224609 41.339991 0.000000  0.000000 
555.322266 41.335676 0.000000  0.000000 
555.419922 41.331362 0.000000  0.000000 
555.517578 41.327048 0.000000  0.000000 
555.615234 41.322736 0.000000  0.000000 
555.712891 41.318425 0.000000  0.000000 
555.810547 41.314115 0.000000  0.000000 
555.908203 41.309806 0.000000  0.000000 
556.005859 41.305497 0.000000  0.000000 
556.103516 41.301190 0.000000  0.000000 
556.201172 41.296884 0.000000  0.000000 
556.298828 41.292579 0.000000  0.000000 
556.396484 41.288274 0.000000  0.000000 
556.494141 41.283971 0.000000  0.000000 
556.591797 41.279669 0.000000  0.000000 
556.689453 41.275367 0.000000  0.000000 
556.787109 41.271067 0.000000  0.000000 
556.884766 41.266768 0.000000  0.000000 
556.982422 41.262469 0.000000  0.000000 
557.080078 41.258172 0.000000  0.000000 
557.177734 41.253875 0.000000  0.000000 
557.275391 41.249580 0.000000  0.000000 
557.373047 41.245285 0.000000  0.000000 
557.470703 41.240992 0.000000  0.000000 
557.568359 41.236699 0.000000  0.000000 
557.666016 41.232408 0.000000  0.000000 
557.763672 41.228117 0.000000  0.000000 
557.861328 41.223827 0.000000  0.000000 
557.958984 41.219539 0.000000  0.000000 
558.056641 41.215251 0.000000  0.000000 
558.154297 41.210964 0.000000  0.000000 
558.251953 41.206679 0.000000  0.000000 
558.349609 41.202394 0.000000  0.000000 
558.447266 41.198110 0.000000  0.000000 
558.544922 41.193827 0.000000  0.000000 
558.642578 41.189546 0.000000  0.000000 
558.740234 41.185265 0.000000  0.000000 
558.837891 41.180985 0.000000  0.000000 
558.935547 41.176706 0.000000  0.000000 
559.033203 41.172428 0.000000  0.000000 
559.130859 41.168151 0.000000  0.000000 
559.228516 41.163875 0.000000  0.000000 
559.326172 41.159600 0.000000  0.000000 
559.423828 41.155326 0.000000  0.000000 
559.521484 41.151053 0.000000  0.000000 
559.619141 41.146781 0.000000  0.000000 
559.716797 41.142510 0.000000  0.000000 
559.814453 41.138240 0.000000  0.000000 
559.912109 41.133971 0.000000  0.000000 
560.009766 41.129702 0.000000  0.000000 
560.107422 41.125435 0.000000  0.000000 
560.205078 41.121169 0.000000  0.000000 
560.302734 41.116904 0.000000  0.000000 
560.400391 41.112639 0.000000  0.000000 
560.498047 41.108376 0.000000  0.000000 
560.595703 41.104114 0.000000  0.000000 
560.693359 41.099852 0.000000  0.000000 
560.791016 41.095592 0.000000  0.000000 
560.888672 41.091332 0.000000  0.000000 
560.986328 41.087074 0.000000  0.000000 
561.083984 41.082816 0.000000  0.000000 
561.181641 41.078559 0.000000  0.000000 
561.279297 41.074304 0.000000  0.000000 
561.376953 41.070049 0.000000  0.000000 
561.474609 41.065795 0.000000  0.000000 
561.572266 41.061543 0.000000  0.000000 
561.669922 41.057291 0.000000  0.000000 
561.767578 41.053040 0.000000  0.000000 
561.865234 41.048790 0.000000  0.000000 
561.962891 41.044541 0.000000  0.000000 
562.060547 41.040293 0.000000  0.000000 
562.158203 41.036047 0.000000  0.000000 
562.255859 41.031801 0.000000  0.000000 
562.353516 41.027555 0.000000  0.000000 
562.451172 41.023311 0.000000  0.000000 
562.548828 41.019068 0.000000  0.000000 
562.646484 41.014826 0.000000  0.000000 
562.744141 41.010585 0.000000  0.000000 
562.841797 41.006345 0.000000  0.000000 
562.939453 41.002105 0.000000  0.000000 
563.037109 40.997867 0.000000  0.000000 
563.134766 40.993630 0.000000  0.000000 
563.232422 40.989393 0.000000  0.000000 
563.330078 40.985158 0.000000  0.000000 
563.427734 40.980923 0.000000  0.000000 
563.525391 40.976690 0.000000  0.000000 
563.623047 40.972457 0.000000  0.000000 
563.720703 40.968226 0.000000  0.000000 
563.818359 40.963995 0.000000  0.000000 
563.916016 40.959765 0.000000  0.000000 
564.013672 40.955536 0.000000  0.000000 
564.111328 40.951309 0.000000  0.000000 
564.208984 40.947082 0.000000  0.000000 
564.306641 40.942856 0.000000  0.000000 
564.404297 40.938631 0.000000  0.000000 
564.501953 40.934407 0.000000  0.000000 
564.599609 40.930184 0.000000  0.000000 
564.697266 40.925962 0.000000  0.000000 
564.794922 40.921741 0.000000  0.000000 
564.892578 40.917520 0.000000  0.000000 
564.990234 40.913301 0.000000  0.000000 
565.087891 40.909083 0.000000  0.000000 
565.185547 40.904866 0.000000  0.000000 
565.283203 40.900649 0.000000  0.000000 
565.380859 40.896434 0.000000  0.000000 
565.478516 40.892219 0.000000  0.000000 
565.576172 40.888006 0.000000  0.000000 
565.673828 40.883793 0.000000  0.000000 
565.771484 40.879582 0.000000  0.000000 
565.869141 40.875371 0.000000  0.000000 
565.966797 40.871161 0.000000  0.000000 
566.064453 40.866952 0.000000  0.000000 
566.162109 40.862745 0.000000  0.000000 
566.259766 40.858538 0.000000  0.000000 
566.357422 40.854332 0.000000  0.000000 
566.455078 40.850127 0.000000  0.000000 
566.552734 40.845923 0.000000  0.000000 
566.650391 40.841720 0.000000  0.000000 
566.748047 40.837517 0.000000  0.000000 
566.845703 40.833316 0.000000  0.000000 
566.943359 40.829116 0.000000  0.000000 
567.041016 40.824917 0.000000  0.000000 
567.138672 40.820718 0.000000  0.000000 
567.236328 40.816521 0.000000  0.000000 
567.333984 40.812324 0.000000  0.000000 
567.431641 40.808129 0.000000  0.000000 
567.529297 40.803934 0.000000  0.000000 
567.626953 40.799740 0.000000  0.000000 
567.724609 40.795548 0.000000  0.000000 
567.822266 40.791356 0.000000  0.000000 
567.919922 40.787165 0.000000  0.000000 
568.017578 40.782975 0.000000  0.000000 
568.115234 40.778786 0.000000  0.000000 
568.212891 40.774598 0.000000  0.000000 
568.310547 40.770411 0.000000  0.000000 
568.408203 40.766225 0.000000  0.000000 
568.505859 40.762040 0.000000  0.000000 
568.603516 40.757855 0.000000  0.000000 
568.701172 40.753672 0.000000  0.000000 
568.798828 40.749490 0.000000  0.000000 
568.896484 40.745308 0.000000  0.000000 
568.994141 40.741128 0.000000  0.000000 
569.091797 40.736948 0.000000  0.000000 
569.189453 40.732769 0.000000  0.000000 
569.287109 40.728592 0.000000  0.000000 
569.384766 40.724415 0.000000  0.000000 
569.482422 40.720239 0.000000  0.000000 
569.580078 40.716064 0.000000  0.000000 
569.677734 40.711890 0.000000  0.000000 
569.775391 40.707717 0.000000  0.000000 
569.873047 40.703545 0.000000  0.000000 
569.970703 40.699374 0.000000  0.000000 
570.068359 40.695204 0.000000  0.000000 
570.166016 40.691034 0.000000  0.000000 
570.263672 40.686866 0.000000  0.000000 
570.361328 40.682699 0.000000  0.000000 
570.458984 40.678532 0.000000  0.000000 
570.556641 40.674367 0.000000  0.000000 
570.654297 40.670202 0.000000  0.000000 
570.751953 40.666038 0.000000  0.000000 
570.849609 40.661875 0.000000  0.000000 
570.947266 40.657714 0.000000  0.000000 
571.044922 40.653553 0.000000  0.000000 
571.142578 40.649393 0.000000  0.000000 
571.240234 40.645234 0.000000  0.000000 
571.337891 40.641076 0.000000  0.000000 
571.435547 40.636918 0.000000  0.000000 
571.533203 40.632762 0.000000  0.000000 
571.630859 40.628607 0.000000  0.000000 
571.728516 40.624452 0.000000  0.000000 
571.826172 40.620299 0.000000  0.000000 
571.923828 40.616146 0.000000  0.000000 
572.021484 40.611995 0.000000  0.000000 
572.119141 40.607844 0.000000  0.000000 
572.216797 40.603694 0.000000  0.000000 
572.314453 40.599545 0.000000  0.000000 
572.412109 40.595397 0.000000  0.000000 
572.509766 40.591250 0.000000  0.000000 
572.607422 40.587104 0.000000  0.000000 
572.705078 40.582959 0.000000  0.000000 
572.802734 40.578815 0.000000  0.000000 
572.900391 40.574672 0.000000  0.000000 
572.998047 40.570529 0.000000  0.000000 
573.095703 40.566388 0.000000  0.000000 
573.193359 40.562247 0.000000  0.000000 
573.291016 40.558108 0.000000  0.000000 
573.388672 40.553969 0.000000  0.000000 
573.486328 40.549831 0.000000  0.000000 
573.583984 40.545695 0.000000  0.000000 
573.681641 40.541559 0.000000  0.000000 
573.779297 40.537424 0.000000  0.000000 
573.876953 40.533290 0.000000  0.000000 
573.974609 40.529156 0.000000  0.000000 
574.072266 40.525024 0.000000  0.000000 
574.169922 40.520893 0.000000  0.000000 
574.267578 40.516762 0.000000  0.000000 
574.365234 40.512633 0.000000  0.000000 
574.462891 40.508504 0.000000  0.000000 
574.560547 40.504377 0.000000  0.000000 
574.658203 40.500250 0.000000  0.000000 
574.755859 40.496124 0.000000  0.000000 
574.853516 40.491999 0.000000  0.000000 
574.951172 40.487875 0.000000  0.000000 
575.048828 40.483752 0.000000  0.000000 
575.146484 40.479630 0.000000  0.000000 
575.244141 40.475509 0.000000  0.000000 
575.341797 40.471389 0.000000  0.000000 
575.439453 40.467269 0.000000  0.000000 
575.537109 40.463151 0.000000  0.000000 
575.634766 40.459033 0.000000  0.000000 
575.732422 40.454917 0.000000  0.000000 
575.830078 40.450801 0.000000  0.000000 
575.927734 40.446686 0.000000  0.000000 
576.025391 40.442572 0.000000  0.000000 
576.123047 40.438459 0.000000  0.000000 
576.220703 40.434347 0.000000  0.000000 
576.318359 40.430236 0.000000  0.000000 
576.416016 40.426126 0.000000  0.000000 
576.513672 40.422016 0.000000  0.000000 
576.611328 40.417908 0.000000  0.000000 
576.708984 40.413800 0.000000  0.000000 
576.806641 40.409694 0.000000  0.000000 
576.904297 40.405588 0.000000  0.000000 
577.001953 40.401483 0.000000  0.000000 
577.099609 40.397379 0.000000  0.000000 
577.197266 40.393276 0.000000  0.000000 
577.294922 40.389174 0.000000  0.000000 
577.392578 40.385073 0.000000  0.000000 
577.490234 40.380973 0.000000  0.000000 
577.587891 40.376874 0.000000  0.000000 
577.685547 40.372775 0.000000  0.000000 
577.783203 40.368678 0.000000  0.000000 
577.880859 40.364581 0.000000  0.000000 
577.978516 40.360485 0.000000  0.000000 
578.076172 40.356391 0.000000  0.000000 
578.173828 40.352297 0.000000  0.000000 
578.271484 40.348204 0.000000  0.000000 
578.369141 40.344112 0.000000  0.000000 
578.466797 40.340020 0.000000  0.000000 
578.564453 40.335930 0.000000  0.000000 
578.662109 40.331841 0.000000  0.000000 
578.759766 40.327752 0.000000  0.000000 
578.857422 40.323665 0.000000  0.000000 
578.955078 40.319578 0.000000  0.000000 
579.052734 40.315492 0.000000  0.000000 
579.150391 40.311408 0.000000  0.000000 
579.248047 40.307324 0.000000  0.000000 
579.345703 40.303241 0.000000  0.000000 
579.443359 40.299158 0.000000  0.000000 
579.541016 40.295077 0.000000  0.000000 
579.638672 40.290997 0.000000  0.000000 
579.736328 40.286917 0.000000  0.000000 
579.833984 40.282839 0.000000  0.000000 
579.931641 40.278761 0.000000  0.000000 
580.029297 40.274685 0.000000  0.000000 
580.126953 40.270609 0.000000  0.000000 
580.224609 40.266534 0.000000  0.000000 
580.322266 40.262460 0.000000  0.000000 
580.419922 40.258387 0.000000  0.000000 
580.517578 40.254314 0.000000  0.000000 
580.615234 40.250243 0.000000  0.000000 
580.712891 40.246173 0.000000  0.000000 
580.810547 40.242103 0.000000  0.000000 
580.908203 40.238034 0.000000  0.000000 
581.005859 40.233967 0.000000  0.000000 
581.103516 40.229900 0.000000  0.000000 
581.201172 40.225834 0.000000  0.000000 
581.298828 40.221769 0.000000  0.000000 
581.396484 40.217705 0.000000  0.000000 
581.494141 40.213641 0.000000  0.000000 
581.591797 40.209579 0.000000  0.000000 
581.689453 40.205518 0.000000  0.000000 
581.787109 40.201457 0.000000  0.000000 
581.884766 40.197397 0.000000  0.000000 
581.982422 40.193338 0.000000  0.000000 
582.080078 40.189281 0.000000  0.000000 
582.177734 40.185224 0.000000  0.000000 
582.275391 40.181167 0.000000  0.000000 
582.373047 40.177112 0.000000  0.000000 
582.470703 40.173058 0.000000  0.000000 
582.568359 40.169004 0.000000  0.000000 
582.666016 40.164952 0.000000  0.000000 
582.763672 40.160900 0.000000  0.000000 
582.861328 40.156849 0.000000  0.000000 
582.958984 40.152800 0.000000  0.000000 
583.056641 40.148751 0.000000  0.000000 
583.154297 40.144702 0.000000  0.000000 
583.251953 40.140655 0.000000  0.000000 
583.349609 40.136609 0.000000  0.000000 
583.447266 40.132564 0.000000  0.000000 
583.544922 40.128519 0.000000  0.000000 
583.642578 40.124475 0.000000  0.000000 
583.740234 40.120433 0.000000  0.000000 
583.837891 40.116391 0.000000  0.000000 
583.935547 40.112350 0.000000  0.000000 
584.033203 40.108310 0.000000  0.000000 
584.130859 40.104270 0.000000  0.000000 
584.228516 40.100232 0.000000  0.000000 
584.326172 40.096195 0.000000  0.000000 
584.423828 40.092158 0.000000  0.000000 
584.521484 40.088122 0.000000  0.000000 
584.619141 40.084088 0.000000  0.000000 
584.716797 40.080054 0.000000  0.000000 
584.814453 40.076021 0.000000  0.000000 
584.912109 40.071989 0.000000  0.000000 
585.009766 40.067957 0.000000  0.000000 
585.107422 40.063927 0.000000  0.000000 
585.205078 40.059898 0.000000  0.000000 
585.302734 40.055869 0.000000  0.000000 
585.400391 40.051841 0.000000  0.000000 
585.498047 40.047814 0.000000  0.000000 
585.595703 40.043788 0.000000  0.000000 
585.693359 40.039763 0.000000  0.000000 
585.791016 40.035739 0.000000  0.000000 
585.888672 40.031716 0.000000  0.000000 
585.986328 40.027693 0.000000  0.000000 
586.083984 40.023672 0.000000  0.000000 
586.181641 40.019651 0.000000  0.000000 
586.279297 40.015631 0.000000  0.000000 
586.376953 40.011613 0.000000  0.000000 
586.474609 40.007595 0.000000  0.000000 
586.572266 40.003577 0.000000  0.000000 
586.669922 39.999561 0.000000  0.000000 
586.767578 39.995546 0.000000  0.000000 
586.865234 39.991531 0.000000  0.000000 
586.962891 39.987518 0.000000  0.000000 
587.060547 39.983505 0.000000  0.000000 
587.158203 39.979493 0.000000  0.000000 
587.255859 39.975482 0.000000  0.000000 
587.353516 39.971472 0.000000  0.000000 
587.451172 39.967463 0.000000  0.000000 
587.548828 39.963454 0.000000  0.000000 
587.646484 39.959447 0.000000  0.000000 
587.744141 39.955440 0.000000  0.000000 
587.841797 39.951434 0.000000  0.000000 
587.939453 39.947430 0.000000  0.000000 
588.037109 39.943426 0.000000  0.000000 
588.134766 39.939422 0.000000  0.000000 
588.232422 39.935420 0.000000  0.000000 
588.330078 39.931419 0.000000  0.000000 
588.427734 39.927418 0.000000  0.000000 
588.525391 39.923419 0.000000  0.000000 
588.623047 39.919420 0.000000  0.000000 
588.720703 39.915422 0.000000  0.000000 
588.818359 39.911425 0.000000  0.000000 
588.916016 39.907429 0.000000  0.000000 
589.013672 39.903434 0.000000  0.000000 
589.111328 39.899439 0.000000  0.000000 
589.208984 39.895446 0.000000  0.000000 
589.306641 39.891453 0.000000  0.000000 
589.404297 39.887461 0.000000  0.000000 
589.501953 39.883470 0.000000  0.000000 
589.599609 39.879480 0.000000  0.000000 
589.697266 39.875491 0.000000  0.000000 
589.794922 39.871503 0.000000  0.000000 
589.892578 39.867515 0.000000  0.000000 
589.990234 39.863529 0.000000  0.000000 
590.087891 39.859543 0.000000  0.000000 
590.185547 39.855558 0.000000  0.000000 
590.283203 39.851574 0.000000  0.000000 
590.380859 39.847591 0.000000  0.000000 
590.478516 39.843609 0.000000  0.000000 
590.576172 39.839628 0.000000  0.000000 
590.673828 39.835647 0.000000  0.000000 
590.771484 39.831668 0.000000  0.000000 
590.869141 39.827689 0.000000  0.000000 
590.966797 39.823711 0.000000  0.000000 
591.064453 39.819734 0.000000  0.000000 
591.162109 39.815758 0.000000  0.000000 
591.259766 39.811782 0.000000  0.000000 
591.357422 39.807808 0.000000  0.000000 
591.455078 39.803834 0.000000  0.000000 
591.552734 39.799862 0.000000  0.000000 
591.650391 39.795890 0.000000  0.000000 
591.748047 39.791919 0.000000  0.000000 
591.845703 39.787949 0.000000  0.000000 
591.943359 39.783979 0.000000  0.000000 
592.041016 39.780011 0.000000  0.000000 
592.138672 39.776043 0.000000  0.000000 
592.236328 39.772077 0.000000  0.000000 
592.333984 39.768111 0.000000  0.000000 
592.431641 39.764146 0.000000  0.000000 
592.529297 39.760182 0.000000  0.000000 
592.626953 39.756219 0.000000  0.000000 
592.724609 39.752256 0.000000  0.000000 
592.822266 39.748295 0.000000  0.000000 
592.919922 39.744334 0.000000  0.000000 
593.017578 39.740374 0.000000  0.000000 
593.115234 39.736415 0.000000  0.000000 
593.212891 39.732457 0.000000  0.000000 
593.310547 39.728500 0.000000  0.000000 
593.408203 39.724544 0.000000  0.000000 
593.505859 39.720588 0.000000  0.000000 
593.603516 39.716633 0.000000  0.000000 
593.701172 39.712680 0.000000  0.000000 
593.798828 39.708727 0.000000  0.000000 
593.896484 39.704775 0.000000  0.000000 
593.994141 39.700823 0.000000  0.000000 
594.091797 39.696873 0.000000  0.000000 
594.189453 39.692923 0.000000  0.000000 
594.287109 39.688975 0.000000  0.000000 
594.384766 39.685027 0.000000  0.000000 
594.482422 39.681080 0.000000  0.000000 
594.580078 39.677134 0.000000  0.000000 
594.677734 39.673189 0.000000  0.000000 
594.775391 39.669244 0.000000  0.000000 
594.873047 39.665301 0.000000  0.000000 
594.970703 39.661358 0.000000  0.000000 
595.068359 39.657416 0.000000  0.000000 
595.166016 39.653475 0.000000  0.000000 
595.263672 39.649535 0.000000  0.000000 
595.361328 39.645596 0.000000  0.000000 
595.458984 39.641657 0.000000  0.000000 
595.556641 39.637720 0.000000  0.000000 
595.654297 39.633783 0.000000  0.000000 
595.751953 39.629847 0.000000  0.000000 
595.849609 39.625912 0.000000  0.000000 
595.947266 39.621978 0.000000  0.000000 
596.044922 39.618045 0.000000  0.000000 
596.142578 39.614112 0.000000  0.000000 
596.240234 39.610181 0.000000  0.000000 
596.337891 39.606250 0.000000  0.000000 
596.435547 39.602320 0.000000  0.000000 
596.533203 39.598391 0.000000  0.000000 
596.630859 39.594463 0.000000  0.000000 
596.728516 39.590535 0.000000  0.000000 
596.826172 39.586609 0.000000  0.000000 
596.923828 39.582683 0.000000  0.000000 
597.021484 39.578758 0.000000  0.000000 
597.119141 39.574834 0.000000  0.000000 
597.216797 39.570911 0.000000  0.000000 
597.314453 39.566989 0.000000  0.000000 
597.412109 39.563067 0.000000  0.000000 
597.509766 39.559147 0.000000  0.000000 
597.607422 39.555227 0.000000  0.000000 
597.705078 39.551308 0.000000  0.000000 
597.802734 39.547390 0.000000  0.000000 
597.900391 39.543473 0.000000  0.000000 
597.998047 39.539556 0.000000  0.000000 
598.095703 39.535641 0.000000  0.000000 
598.193359 39.531726 0.000000  0.000000 
598.291016 39.527812 0.000000  0.000000 
598.388672 39.523899 0.000000  0.000000 
598.486328 39.519987 0.000000  0.000000 
598.583984 39.516076 0.000000  0.000000 
598.681641 39.512165 0.000000  0.000000 
598.779297 39.508255 0.000000  0.000000 
598.876953 39.504347 0.000000  0.000000 
598.974609 39.500439 0.000000  0.000000 
599.072266 39.496531 0.000000  0.000000 
599.169922 39.492625 0.000000  0.000000 
599.267578 39.488720 0.000000  0.000000 
599.365234 39.484815 0.000000  0.000000 
599.462891 39.480911 0.000000  0.000000 
599.560547 39.477008 0.000000  0.000000 
599.658203 39.473106 0.000000  0.000000 
599.755859 39.469205 0.000000  0.000000 
599.853516 39.465305 0.000000  0.000000 
599.951172 39.461405 0.000000  0.000000 
600.048828 39.457506 0.000000  0.000000 
600.146484 39.453608 0.000000  0.000000 
600.244141 39.449711 0.000000  0.000000 
600.341797 39.445815 0.000000  0.000000 
600.439453 39.441920 0.000000  0.000000 
600.537109 39.438025 0.000000  0.000000 
600.634766 39.434131 0.000000  0.000000 
600.732422 39.430239 0.000000  0.000000 
600.830078 39.426347 0.000000  0.000000 
600.927734 39.422455 0.000000  0.000000 
601.025391 39.418565 0.000000  0.000000 
601.123047 39.414675 0.000000  0.000000 
601.220703 39.410787 0.000000  0.000000 
601.318359 39.406899 0.000000  0.000000 
601.416016 39.403012 0.000000  0.000000 
601.513672 39.399126 0.000000  0.000000 
601.611328 39.395240 0.000000  0.000000 
601.708984 39.391356 0.000000  0.000000 
601.806641 39.387472 0.000000  0.000000 
601.904297 39.383589 0.000000  0.000000 
602.001953 39.379707 0.000000  0.000000 
602.099609 39.375826 0.000000  0.000000 
602.197266 39.371945 0.000000  0.000000 
602.294922 39.368066 0.000000  0.000000 
602.392578 39.364187 0.000000  0.000000 
602.490234 39.360309 0.000000  0.000000 
602.587891 39.356432 0.000000  0.000000 
602.685547 39.352556 0.000000  0.000000 
602.783203 39.348681 0.000000  0.000000 
602.880859 39.344806 0.000000  0.000000 
602.978516 39.340932 0.000000  0.000000 
603.076172 39.337059 0.000000  0.000000 
603.173828 39.333187 0.000000  0.000000 
603.271484 39.329316 0.000000  0.000000 
603.369141 39.325446 0.000000  0.000000 
603.466797 39.321576 0.000000  0.000000 
603.564453 39.317707 0.000000  0.000000 
603.662109 39.313839 0.000000  0.000000 
603.759766 39.309972 0.000000  0.000000 
603.857422 39.306106 0.000000  0.000000 
603.955078 39.302240 0.000000  0.000000 
604.052734 39.298376 0.000000  0.000000 
604.150391 39.294512 0.000000  0.000000 
604.248047 39.290649 0.000000  0.000000 
604.345703 39.286787 0.000000  0.000000 
604.443359 39.282925 0.000000  0.000000 
604.541016 39.279065 0.000000  0.000000 
604.638672 39.275205 0.000000  0.000000 
604.736328 39.271346 0.000000  0.000000 
604.833984 39.267488 0.000000  0.000000 
604.931641 39.263631 0.000000  0.000000 
605.029297 39.259775 0.000000  0.000000 
605.126953 39.255919 0.000000  0.000000 
605.224609 39.252064 0.000000  0.000000 
605.322266 39.248210 0.000000  0.000000 
605.419922 39.244357 0.000000  0.000000 
605.517578 39.240505 0.000000  0.000000 
605.615234 39.236653 0.000000  0.000000 
605.712891 39.232803 0.000000  0.000000 
605.810547 39.228953 0.000000  0.000000 
605.908203 39.225104 0.000000  0.000000 
606.005859 39.221256 0.000000  0.000000 
606.103516 39.217408 0.000000  0.000000 
606.201172 39.213562 0.000000  0.000000 
606.298828 39.209716 0.000000  0.000000 
606.396484 39.205871 0.000000  0.000000 
606.494141 39.202027 0.000000  0.000000 
606.591797 39.198184 0.000000  0.000000 
606.689453 39.194341 0.000000  0.000000 
606.787109 39.190500 0.000000  0.000000 
606.884766 39.186659 0.000000  0.000000 
606.982422 39.182819 0.000000  0.000000 
607.080078 39.178980 0.000000  0.000000 
607.177734 39.175142 0.000000  0.000000 
607.275391 39.171304 0.000000  0.000000 
607.373047 39.167467 0.000000  0.000000 
607.470703 39.163631 0.000000  0.000000 
607.568359 39.159796 0.000000  0.000000 
607.666016 39.155962 0.000000  0.000000 
607.763672 39.152128 0.000000  0.000000 
607.861328 39.148296 0.000000  0.000000 
607.958984 39.144464 0.000000  0.000000 
608.056641 39.140633 0.000000  0.000000 
608.154297 39.136803 0.000000  0.000000 
608.251953 39.132973 0.000000  0.000000 
608.349609 39.129145 0.000000  0.000000 
608.447266 39.125317 0.000000  0.000000 
608.544922 39.121490 0.000000  0.000000 
608.642578 39.117664 0.000000  0.000000 
608.740234 39.113839 0.000000  0.000000 
608.837891 39.110014 0.000000  0.000000 
608.935547 39.106190 0.000000  0.000000 
609.033203 39.102367 0.000000  0.000000 
609.130859 39.098545 0.000000  0.000000 
609.228516 39.094724 0.000000  0.000000 
609.326172 39.090904 0.000000  0.000000 
609.423828 39.087084 0.000000  0.000000 
609.521484 39.083265 0.000000  0.000000 
609.619141 39.079447 0.000000  0.000000 
609.716797 39.075630 0.000000  0.000000 
609.814453 39.071814 0.000000  0.000000 
609.912109 39.067998 0.000000  0.000000 
610.009766 39.064183 0.000000  0.000000 
610.107422 39.060369 0.000000  0.000000 
610.205078 39.056556 0.000000  0.000000 
610.302734 39.052744 0.000000  0.000000 
610.400391 39.048932 0.000000  0.000000 
610.498047 39.045121 0.000000  0.000000 
610.595703 39.041311 0.000000  0.000000 
610.693359 39.037502 0.000000  0.000000 
610.791016 39.033694 0.000000  0.000000 
610.888672 39.029886 0.000000  0.000000 
610.986328 39.026080 0.000000  0.000000 
611.083984 39.022274 0.000000  0.000000 
611.181641 39.018469 0.000000  0.000000 
611.279297 39.014664 0.000000  0.000000 
611.376953 39.010861 0.000000  0.000000 
611.474609 39.007058 0.000000  0.000000 
611.572266 39.003256 0.000000  0.000000 
611.669922 38.999455 0.000000  0.000000 
611.767578 38.995655 0.000000  0.000000 
611.865234 38.991855 0.000000  0.000000 
611.962891 38.988057 0.000000  0.000000 
612.060547 38.984259 0.000000  0.000000 
612.158203 38.980462 0.000000  0.000000 
612.255859 38.976665 0.000000  0.000000 
612.353516 38.972870 0.000000  0.000000 
612.451172 38.969075 0.000000  0.000000 
612.548828 38.965281 0.000000  0.000000 
612.646484 38.961488 0.000000  0.000000 
612.744141 38.957696 0.000000  0.000000 
612.841797 38.953905 0.000000  0.000000 
612.939453 38.950114 0.000000  0.000000 
613.037109 38.946324 0.000000  0.000000 
613.134766 38.942535 0.000000  0.000000 
613.232422 38.938747 0.000000  0.000000 
613.330078 38.934959 0.000000  0.000000 
613.427734 38.931173 0.000000  0.000000 
613.525391 38.927387 0.000000  0.000000 
613.623047 38.923602 0.000000  0.000000 
613.720703 38.919818 0.000000  0.000000 
613.818359 38.916034 0.000000  0.000000 
613.916016 38.912251 0.000000  0.000000 
614.013672 38.908470 0.000000  0.000000 
614.111328 38.904689 0.000000  0.000000 
614.208984 38.900908 0.000000  0.000000 
614.306641 38.897129 0.000000  0.000000 
614.404297 38.893350 0.000000  0.000000 
614.501953 38.889572 0.000000  0.000000 
614.599609 38.885795 0.000000  0.000000 
614.697266 38.882019 0.000000  0.000000 
614.794922 38.878243 0.000000  0.000000 
614.892578 38.874469 0.000000  0.000000 
614.990234 38.870695 0.000000  0.000000 
615.087891 38.866922 0.000000  0.000000 
615.185547 38.863149 0.000000  0.000000 
615.283203 38.859378 0.000000  0.000000 
615.380859 38.855607 0.000000  0.000000 
615.478516 38.851837 0.000000  0.000000 
615.576172 38.848068 0.000000  0.000000 
615.673828 38.844300 0.000000  0.000000 
615.771484 38.840532 0.000000  0.000000 
615.869141 38.836765 0.000000  0.000000 
615.966797 38.832999 0.000000  0.000000 
616.064453 38.829234 0.000000  0.000000 
616.162109 38.825470 0.000000  0.000000 
616.259766 38.821706 0.000000  0.000000 
616.357422 38.817943 0.000000  0.000000 
616.455078 38.814181 0.000000  0.000000 
616.552734 38.810420 0.000000  0.000000 
616.650391 38.806660 0.000000  0.000000 
616.748047 38.802900 0.000000  0.000000 
616.845703 38.799141 0.000000  0.000000 
616.943359 38.795383 0.000000  0.000000 
617.041016 38.791626 0.000000  0.000000 
617.138672 38.787869 0.000000  0.000000 
617.236328 38.784114 0.000000  0.000000 
617.333984 38.780359 0.000000  0.000000 
617.431641 38.776605 0.000000  0.000000 
617.529297 38.772851 0.000000  0.000000 
617.626953 38.769099 0.000000  0.000000 
617.724609 38.765347 0.000000  0.000000 
617.822266 38.761596 0.000000  0.000000 
617.919922 38.757846 0.000000  0.000000 
618.017578 38.754097 0.000000  0.000000 
618.115234 38.750348 0.000000  0.000000 
618.212891 38.746600 0.000000  0.000000 
618.310547 38.742853 0.000000  0.000000 
618.408203 38.739107 0.000000  0.000000 
618.505859 38.735361 0.000000  0.000000 
618.603516 38.731617 0.000000  0.000000 
618.701172 38.727873 0.000000  0.000000 
618.798828 38.724130 0.000000  0.000000 
618.896484 38.720387 0.000000  0.000000 
618.994141 38.716646 0.000000  0.000000 
619.091797 38.712905 0.000000  0.000000 
619.189453 38.709165 0.000000  0.000000 
619.287109 38.705426 0.000000  0.000000 
619.384766 38.701687 0.000000  0.000000 
619.482422 38.697950 0.000000  0.000000 
619.580078 38.694213 0.000000  0.000000 
619.677734 38.690477 0.000000  0.000000 
619.775391 38.686742 0.000000  0.000000 
619.873047 38.683007 0.000000  0.000000 
619.970703 38.679273 0.000000  0.000000 
620.068359 38.675540 0.000000  0.000000 
620.166016 38.671808 0.000000  0.000000 
620.263672 38.668077 0.000000  0.000000 
620.361328 38.664346 0.000000  0.000000 
620.458984 38.660617 0.000000  0.000000 
620.556641 38.656887 0.000000  0.000000 
620.654297 38.653159 0.000000  0.000000 
620.751953 38.649432 0.000000  0.000000 
620.849609 38.645705 0.000000  0.000000 
620.947266 38.641979 0.000000  0.000000 
621.044922 38.638254 0.000000  0.000000 
621.142578 38.634530 0.000000  0.000000 
621.240234 38.630806 0.000000  0.000000 
621.337891 38.627083 0.000000  0.000000 
621.435547 38.623361 0.000000  0.000000 
621.533203 38.619640 0.000000  0.000000 
621.630859 38.615920 0.000000  0.000000 
621.728516 38.612200 0.000000  0.000000 
621.826172 38.608481 0.000000  0.000000 
621.923828 38.604763 0.000000  0.000000 
622.021484 38.601045 0.000000  0.000000 
622.119141 38.597329 0.000000  0.000000 
622.216797 38.593613 0.000000  0.000000 
622.314453 38.589898 0.000000  0.000000 
622.412109 38.586184 0.000000  0.000000 
622.509766 38.582470 0.000000  0.000000 
622.607422 38.578757 0.000000  0.000000 
622.705078 38.575045 0.000000  0.000000 
622.802734 38.571334 0.000000  0.000000 
622.900391 38.567624 0.000000  0.000000 
622.998047 38.563914 0.000000  0.000000 
623.095703 38.560205 0.000000  0.000000 
623.193359 38.556497 0.000000  0.000000 
623.291016 38.552790 0.000000  0.000000 
623.388672 38.549084 0.000000  0.000000 
623.486328 38.545378 0.000000  0.000000 
623.583984 38.541673 0.000000  0.000000 
623.681641 38.537969 0.000000  0.000000 
623.779297 38.534265 0.000000  0.000000 
623.876953 38.530562 0.000000  0.000000 
623.974609 38.526861 0.000000  0.000000 
624.072266 38.523159 0.000000  0.000000 
624.169922 38.519459 0.000000  0.000000 
624.267578 38.515759 0.000000  0.000000 
624.365234 38.512061 0.000000  0.000000 
624.462891 38.508363 0.000000  0.000000 
624.560547 38.504665 0.000000  0.000000 
624.658203 38.500969 0.000000  0.000000 
624.755859 38.497273 0.000000  0.000000 
624.853516 38.493578 0.000000  0.000000 
624.951172 38.489884 0.000000  0.000000 
625.048828 38.486190 0.000000  0.000000 
625.146484 38.482498 0.000000  0.000000 
625.244141 38.478806 0.000000  0.000000 
625.341797 38.475115 0.000000  0.000000 
625.439453 38.471424 0.000000  0.000000 
625.537109 38.467735 0.000000  0.000000 
625.634766 38.464046 0.000000  0.000000 
625.732422 38.460358 0.000000  0.000000 
625.830078 38.456670 0.000000  0.000000 
625.927734 38.452984 0.000000  0.000000 
626.025391 38.449298 0.000000  0.000000 
626.123047 38.445613 0.000000  0.000000 
626.220703 38.441929 0.000000  0.000000 
626.318359 38.438245 0.000000  0.000000 
626.416016 38.434563 0.000000  0.000000 
626.513672 38.430881 0.000000  0.000000 
626.611328 38.427199 0.000000  0.000000 
626.708984 38.423519 0.000000  0.000000 
626.806641 38.419839 0.000000  0.000000 
626.904297 38.416160 0.000000  0.000000 
627.001953 38.412482 0.000000  0.000000 
627.099609 38.408805 0.000000  0.000000 
627.197266 38.405128 0.000000  0.000000 
627.294922 38.401452 0.000000  0.000000 
627.392578 38.397777 0.000000  0.000000 
627.490234 38.394103 0.000000  0.000000 
627.587891 38.390429 0.000000  0.000000 
627.685547 38.386757 0.000000  0.000000 
627.783203 38.383085 0.000000  0.000000 
627.880859 38.379413 0.000000  0.000000 
627.978516 38.375743 0.000000  0.000000 
628.076172 38.372073 0.000000  0.000000 
628.173828 38.368404 0.000000  0.000000 
628.271484 38.364736 0.000000  0.000000 
628.369141 38.361068 0.000000  0.000000 
628.466797 38.357402 0.000000  0.000000 
628.564453 38.353736 0.000000  0.000000 
628.662109 38.350070 0.000000  0.000000 
628.759766 38.346406 0.000000  0.000000 
628.857422 38.342742 0.000000  0.000000 
628.955078 38.339079 0.000000  0.000000 
629.052734 38.335417 0.000000  0.000000 
629.150391 38.331756 0.000000  0.000000 
629.248047 38.328095 0.000000  0.000000 
629.345703 38.324435 0.000000  0.000000 
629.443359 38.320776 0.000000  0.000000 
629.541016 38.317117 0.000000  0.000000 
629.638672 38.313460 0.000000  0.000000 
629.736328 38.309803 0.000000  0.000000 
629.833984 38.306147 0.000000  0.000000 
629.931641 38.302491 0.000000  0.000000 
630.029297 38.298837 0.000000  0.000000 
630.126953 38.295183 0.000000  0.000000 
630.224609 38.291530 0.000000  0.000000 
630.322266 38.287877 0.000000  0.000000 
630.419922 38.284226 0.000000  0.000000 
630.517578 38.280575 0.000000  0.000000 
630.615234 38.276925 0.000000  0.000000 
630.712891 38.273276 0.000000  0.000000 
630.810547 38.269627 0.000000  0.000000 
630.908203 38.265979 0.000000  0.000000 
631.005859 38.262332 0.000000  0.000000 
631.103516 38.258686 0.000000  0.000000 
631.201172 38.255040 0.000000  0.000000 
631.298828 38.251395 0.000000  0.000000 
631.396484 38.247751 0.000000  0.000000 
631.494141 38.244108 0.000000  0.000000 
631.591797 38.240465 0.000000  0.000000 
631.689453 38.236823 0.000000  0.000000 
631.787109 38.233182 0.000000  0.000000 
631.884766 38.229542 0.000000  0.000000 
631.982422 38.225903 0.000000  0.000000 
632.080078 38.222264 0.000000  0.000000 
632.177734 38.218626 0.000000  0.000000 
632.275391 38.214988 0.000000  0.000000 
632.373047 38.211352 0.000000  0.000000 
632.470703 38.207716 0.000000  0.000000 
632.568359 38.204081 0.000000  0.000000 
632.666016 38.200446 0.000000  0.000000 
632.763672 38.196813 0.000000  0.000000 
632.861328 38.193180 0.000000  0.000000 
632.958984 38.189548 0.000000  0.000000 
633.056641 38.185917 0.000000  0.000000 
633.154297 38.182286 0.000000  0.000000 
633.251953 38.178656 0.000000  0.000000 
633.349609 38.175027 0.000000  0.000000 
633.447266 38.171399 0.000000  0.000000 
633.544922 38.167771 0.000000  0.000000 
633.642578 38.164144 0.000000  0.000000 
633.740234 38.160518 0.000000  0.000000 
633.837891 38.156893 0.000000  0.000000 
633.935547 38.153268 0.000000  0.000000 
634.033203 38.149644 0.000000  0.000000 
634.130859 38.146021 0.000000  0.000000 
634.228516 38.142399 0.000000  0.000000 
634.326172 38.138777 0.000000  0.000000 
634.423828 38.135156 0.000000  0.000000 
634.521484 38.131536 0.000000  0.000000 
634.619141 38.127917 0.000000  0.000000 
634.716797 38.124298 0.000000  0.000000 
634.814453 38.120680 0.000000  0.000000 
634.912109 38.117063 0.000000  0.000000 
635.009766 38.113446 0.000000  0.000000 
635.107422 38.109831 0.000000  0.000000 
635.205078 38.106216 0.000000  0.000000 
635.302734 38.102601 0.000000  0.000000 
635.400391 38.098988 0.000000  0.000000 
635.498047 38.095375 0.000000  0.000000 
635.595703 38.091763 0.000000  0.000000 
635.693359 38.088152 0.000000  0.000000 
635.791016 38.084541 0.000000  0.000000 
635.888672 38.080932 0.000000  0.000000 
635.986328 38.077323 0.000000  0.000000 
636.083984 38.073714 0.000000  0.000000 
636.181641 38.070107 0.000000  0.000000 
636.279297 38.066500 0.000000  0.000000 
636.376953 38.062894 0.000000  0.000000 
636.474609 38.059288 0.000000  0.000000 
636.572266 38.055684 0.000000  0.000000 
636.669922 38.052080 0.000000  0.000000 
636.767578 38.048477 0.000000  0.000000 
636.865234 38.044874 0.000000  0.000000 
636.962891 38.041273 0.000000  0.000000 
637.060547 38.037672 0.000000  0.000000 
637.158203 38.034072 0.000000  0.000000 
637.255859 38.030472 0.000000  0.000000 
637.353516 38.026873 0.000000  0.000000 
637.451172 38.023276 0.000000  0.000000 
637.548828 38.019678 0.000000  0.000000 
637.646484 38.016082 0.000000  0.000000 
637.744141 38.012486 0.000000  0.000000 
637.841797 38.008891 0.000000  0.000000 
637.939453 38.005297 0.000000  0.000000 
638.037109 38.001703 0.000000  0.000000 
638.134766 37.998110 0.000000  0.000000 
638.232422 37.994518 0.000000  0.000000 
638.330078 37.990927 0.000000  0.000000 
638.427734 37.987336 0.000000  0.000000 
638.525391 37.983746 0.000000  0.000000 
638.623047 37.980157 0.000000  0.000000 
638.720703 37.976569 0.000000  0.000000 
638.818359 37.972981 0.000000  0.000000 
638.916016 37.969394 0.000000  0.000000 
639.013672 37.965808 0.000000  0.000000 
639.111328 37.962222 0.000000  0.000000 
639.208984 37.958638 0.000000  0.000000 
639.306641 37.955054 0.000000  0.000000 
639.404297 37.951470 0.000000  0.000000 
639.501953 37.947888 0.000000  0.000000 
639.599609 37.944306 0.000000  0.000000 
639.697266 37.940725 0.000000  0.000000 
639.794922 37.937144 0.000000  0.000000 
639.892578 37.933565 0.000000  0.000000 
639.990234 37.929986 0.000000  0.000000 
640.087891 37.926408 0.000000  0.000000 
640.185547 37.922830 0.000000  0.000000 
640.283203 37.919253 0.000000  0.000000 
640.380859 37.915677 0.000000  0.000000 
640.478516 37.912102 0.000000  0.000000 
640.576172 37.908528 0.000000  0.000000 
640.673828 37.904954 0.000000  0.000000 
640.771484 37.901381 0.000000  0.000000 
640.869141 37.897808 0.000000  0.000000 
640.966797 37.894237 0.000000  0.000000 
641.064453 37.890666 0.000000  0.000000 
641.162109 37.887096 0.000000  0.000000 
641.259766 37.883526 0.000000  0.000000 
641.357422 37.879958 0.000000  0.000000 
641.455078 37.876390 0.000000  0.000000 
641.552734 37.872822 0.000000  0.000000 
641.650391 37.869256 0.000000  0.000000 
641.748047 37.865690 0.000000  0.000000 
641.845703 37.862125 0.000000  0.000000 
641.943359 37.858560 0.000000  0.000000 
642.041016 37.854997 0.000000  0.000000 
642.138672 37.851434 0.000000  0.000000 
642.236328 37.847872 0.000000  0.000000 
642.333984 37.844310 0.000000  0.000000 
642.431641 37.840749 0.000000  0.000000 
642.529297 37.837189 0.000000  0.000000 
642.626953 37.833630 0.000000  0.000000 
642.724609 37.830072 0.000000  0.000000 
642.822266 37.826514 0.000000  0.000000 
642.919922 37.822957 0.000000  0.000000 
643.017578 37.819400 0.000000  0.000000 
643.115234 37.815845 0.000000  0.000000 
643.212891 37.812290 0.000000  0.000000 
643.310547 37.808735 0.000000  0.000000 
643.408203 37.805182 0.000000  0.000000 
643.505859 37.801629 0.000000  0.000000 
643.603516 37.798077 0.000000  0.000000 
643.701172 37.794526 0.000000  0.000000 
643.798828 37.790975 0.000000  0.000000 
643.896484 37.787425 0.000000  0.000000 
643.994141 37.783876 0.000000  0.000000 
644.091797 37.780327 0.000000  0.000000 
644.189453 37.776780 0.000000  0.000000 
644.287109 37.773233 0.000000  0.000000 
644.384766 37.769686 0.000000  0.000000 
644.482422 37.766141 0.000000  0.000000 
644.580078 37.762596 0.000000  0.000000 
644.677734 37.759052 0.000000  0.000000 
644.775391 37.755508 0.000000  0.000000 
644.873047 37.751965 0.000000  0.000000 
644.970703 37.748423 0.000000  0.000000 
645.068359 37.744882 0.000000  0.000000 
645.166016 37.741342 0.000000  0.000000 
645.263672 37.737802 0.000000  0.000000 
645.361328 37.734263 0.000000  0.000000 
645.458984 37.730724 0.000000  0.000000 
645.556641 37.727187 0.000000  0.000000 
645.654297 37.723650 0.000000  0.000000 
645.751953 37.720113 0.000000  0.000000 
645.849609 37.716578 0.000000  0.000000 
645.947266 37.713043 0.000000  0.000000 
646.044922 37.709509 0.000000  0.000000 
646.142578 37.705975 0.000000  0.000000 
646.240234 37.702443 0.000000  0.000000 
646.337891 37.698911 0.000000  0.000000 
646.435547 37.695379 0.000000  0.000000 
646.533203 37.691849 0.000000  0.000000 
646.630859 37.688319 0.000000  0.000000 
646.728516 37.684790 0.000000  0.000000 
646.826172 37.681262 0.000000  0.000000 
646.923828 37.677734 0.000000  0.000000 
647.021484 37.674207 0.000000  0.000000 
647.119141 37.670681 0.000000  0.000000 
647.216797 37.667155 0.000000  0.000000 
647.314453 37.663630 0.000000  0.000000 
647.412109 37.660106 0.000000  0.000000 
647.509766 37.656583 0.000000  0.000000 
647.607422 37.653060 0.000000  0.000000 
647.705078 37.649538 0.000000  0.000000 
647.802734 37.646017 0.000000  0.000000 
647.900391 37.642496 0.000000  0.000000 
647.998047 37.638976 0.000000  0.000000 
648.095703 37.635457 0.000000  0.000000 
648.193359 37.631939 0.000000  0.000000 
648.291016 37.628421 0.000000  0.000000 
648.388672 37.624904 0.000000  0.000000 
648.486328 37.621388 0.000000  0.000000 
648.583984 37.617872 0.000000  0.000000 
648.681641 37.614357 0.000000  0.000000 
648.779297 37.610843 0.000000  0.000000 
648.876953 37.607329 0.000000  0.000000 
648.974609 37.603817 0.000000  0.000000 
649.072266 37.600305 0.000000  0.000000 
649.169922 37.596793 0.000000  0.000000 
649.267578 37.593283 0.000000  0.000000 
649.365234 37.589773 0.000000  0.000000 
649.462891 37.586263 0.000000  0.000000 
649.560547 37.582755 0.000000  0.000000 
649.658203 37.579247 0.000000  0.000000 
649.755859 37.575740 0.000000  0.000000 
649.853516 37.572234 0.000000  0.000000 
649.951172 37.568728 0.000000  0.000000 
650.048828 37.565223 0.000000  0.000000 
650.146484 37.561719 0.000000  0.000000 
650.244141 37.558215 0.000000  0.000000 
650.341797 37.554712 0.000000  0.000000 
650.439453 37.551210 0.000000  0.000000 
650.537109 37.547708 0.000000  0.000000 
650.634766 37.544208 0.000000  0.000000 
650.732422 37.540708 0.000000  0.000000 
650.830078 37.537208 0.000000  0.000000 
650.927734 37.533710 0.000000  0.000000 
651.025391 37.530212 0.000000  0.000000 
651.123047 37.526714 0.000000  0.000000 
651.220703 37.523218 0.000000  0.000000 
651.318359 37.519722 0.000000  0.000000 
651.416016 37.516227 0.000000  0.000000 
651.513672 37.512733 0.000000  0.000000 
651.611328 37.509239 0.000000  0.000000 
651.708984 37.505746 0.000000  0.000000 
651.806641 37.502253 0.000000  0.000000 
651.904297 37.498762 0.000000  0.000000 
652.001953 37.495271 0.000000  0.000000 
652.099609 37.491781 0.000000  0.000000 
652.197266 37.488291 0.000000  0.000000 
652.294922 37.484802 0.000000  0.000000 
652.392578 37.481314 0.000000  0.000000 
652.490234 37.477827 0.000000  0.000000 
652.587891 37.474340 0.000000  0.000000 
652.685547 37.470854 0.000000  0.000000 
652.783203 37.467369 0.000000  0.000000 
652.880859 37.463884 0.000000  0.000000 
652.978516 37.460400 0.000000  0.000000 
653.076172 37.456917 0.000000  0.000000 
653.173828 37.453435 0.000000  0.000000 
653.271484 37.449953 0.000000  0.000000 
653.369141 37.446472 0.000000  0.000000 
653.466797 37.442991 0.000000  0.000000 
653.564453 37.439511 0.000000  0.000000 
653.662109 37.436032 0.000000  0.000000 
653.759766 37.432554 0.000000  0.000000 
653.857422 37.429076 0.000000  0.000000 
653.955078 37.425599 0.000000  0.000000 
654.052734 37.422123 0.000000  0.000000 
654.150391 37.418648 0.000000  0.000000 
654.248047 37.415173 0.000000  0.000000 
654.345703 37.411699 0.000000  0.000000 
654.443359 37.408225 0.000000  0.000000 
654.541016 37.404752 0.000000  0.000000 
654.638672 37.401280 0.000000  0.000000 
654.736328 37.397809 0.000000  0.000000 
654.833984 37.394338 0.000000  0.000000 
654.931641 37.390868 0.000000  0.000000 
655.029297 37.387399 0.000000  0.000000 
655.126953 37.383930 0.000000  0.000000 
655.224609 37.380463 0.000000  0.000000 
655.322266 37.376995 0.000000  0.000000 
655.419922 37.373529 0.000000  0.000000 
655.517578 37.370063 0.000000  0.000000 
655.615234 37.366598 0.000000  0.000000 
655.712891 37.363133 0.000000  0.000000 
655.810547 37.359670 0.000000  0.000000 
655.908203 37.356207 0.000000  0.000000 
656.005859 37.352744 0.000000  0.000000 
656.103516 37.349283 0.000000  0.000000 
656.201172 37.345822 0.000000  0.000000 
656.298828 37.342361 0.000000  0.000000 
656.396484 37.338902 0.000000  0.000000 
656.494141 37.335443 0.000000  0.000000 
656.591797 37.331985 0.000000  0.000000 
656.689453 37.328527 0.000000  0.000000 
656.787109 37.325070 0.000000  0.000000 
656.884766 37.321614 0.000000  0.000000 
656.982422 37.318159 0.000000  0.000000 
657.080078 37.314704 0.000000  0.000000 
657.177734 37.311250 0.000000  0.000000 
657.275391 37.307796 0.000000  0.000000 
657.373047 37.304344 0.000000  0.000000 
657.470703 37.300892 0.000000  0.000000 
657.568359 37.297440 0.000000  0.000000 
657.666016 37.293990 0.000000  0.000000 
657.763672 37.290540 0.000000  0.000000 
657.861328 37.287091 0.000000  0.000000 
657.958984 37.283642 0.000000  0.000000 
658.056641 37.280194 0.000000  0.000000 
658.154297 37.276747 0.000000  0.000000 
658.251953 37.273301 0.000000  0.000000 
658.349609 37.269855 0.000000  0.000000 
658.447266 37.266410 0.000000  0.000000 
658.544922 37.262965 0.000000  0.000000 
658.642578 37.259521 0.000000  0.000000 
658.740234 37.256078 0.000000  0.000000 
658.837891 37.252636 0.000000  0.000000 
658.935547 37.249194 0.000000  0.000000 
659.033203 37.245753 0.000000  0.000000 
659.130859 37.242313 0.000000  0.000000 
659.228516 37.238873 0.000000  0.000000 
659.326172 37.235434 0.000000  0.000000 
659.423828 37.231996 0.000000  0.000000 
659.521484 37.228558 0.000000  0.000000 
659.619141 37.225122 0.000000  0.000000 
659.716797 37.221685 0.000000  0.000000 
659.814453 37.218250 0.000000  0.000000 
659.912109 37.214815 0.000000  0.000000 
660.009766 37.211381 0.000000  0.000000 
660.107422 37.207947 0.000000  0.000000 
660.205078 37.204514 0.000000  0.000000 
660.302734 37.201082 0.000000  0.000000 
660.400391 37.197651 0.000000  0.000000 
660.498047 37.194220 0.000000  0.000000 
660.595703 37.190790 0.000000  0.000000 
660.693359 37.187361 0.000000  0.000000 
660.791016 37.183932 0.000000  0.000000 
660.888672 37.180504 0.000000  0.000000 
660.986328 37.177077 0.000000  0.000000 
661.083984 37.173650 0.000000  0.000000 
661.181641 37.170224 0.000000  0.000000 
661.279297 37.166799 0.000000  0.000000 
661.376953 37.163374 0.000000  0.000000 
661.474609 37.159950 0.000000  0.000000 
661.572266 37.156527 0.000000  0.000000 
661.669922 37.153104 0.000000  0.000000 
661.767578 37.149682 0.000000  0.000000 
661.865234 37.146261 0.000000  0.000000 
661.962891 37.142841 0.000000  0.000000 
662.060547 37.139421 0.000000  0.000000 
662.158203 37.136001 0.000000  0.000000 
662.255859 37.132583 0.000000  0.000000 
662.353516 37.129165 0.000000  0.000000 
662.451172 37.125748 0.000000  0.000000 
662.548828 37.122331 0.000000  0.000000 
662.646484 37.118916 0.000000  0.000000 
662.744141 37.115501 0.000000  0.000000 
662.841797 37.112086 0.000000  0.000000 
662.939453 37.108672 0.000000  0.000000 
663.037109 37.105259 0.000000  0.000000 
663.134766 37.101847 0.000000  0.000000 
663.232422 37.098435 0.000000  0.000000 
663.330078 37.095024 0.000000  0.000000 
663.427734 37.091614 0.000000  0.000000 
663.525391 37.088204 0.000000  0.000000 
663.623047 37.084795 0.000000  0.000000 
663.720703 37.081386 0.000000  0.000000 
663.818359 37.077979 0.000000  0.000000 
663.916016 37.074572 0.000000  0.000000 
664.013672 37.071165 0.000000  0.000000 
664.111328 37.067760 0.000000  0.000000 
664.208984 37.064355 0.000000  0.000000 
664.306641 37.060950 0.000000  0.000000 
664.404297 37.057547 0.000000  0.000000 
664.501953 37.054144 0.000000  0.000000 
664.599609 37.050741 0.000000  0.000000 
664.697266 37.047340 0.000000  0.000000 
664.794922 37.043939 0.000000  0.000000 
664.892578 37.040539 0.000000  0.000000 
664.990234 37.037139 0.000000  0.000000 
665.087891 37.033740 0.000000  0.000000 
665.185547 37.030342 0.000000  0.000000 
665.283203 37.026944 0.000000  0.000000 
665.380859 37.023547 0.000000  0.000000 
665.478516 37.020151 0.000000  0.000000 
665.576172 37.016755 0.000000  0.000000 
665.673828 37.013360 0.000000  0.000000 
665.771484 37.009966 0.000000  0.000000 
665.869141 37.006573 0.000000  0.000000 
665.966797 37.003180 0.000000  0.000000 
666.064453 36.999787 0.000000  0.000000 
666.162109 36.996396 0.000000  0.000000 
666.259766 36.993005 0.000000  0.000000 
666.357422 36.989615 0.000000  0.000000 
666.455078 36.986225 0.000000  0.000000 
666.552734 36.982836 0.000000  0.000000 
666.650391 36.979448 0.000000  0.000000 
666.748047 36.976061 0.000000  0.000000 
666.845703 36.972674 0.000000  0.000000 
666.943359 36.969287 0.000000  0.000000 
667.041016 36.965902 0.000000  0.000000 
667.138672 36.962517 0.000000  0.000000 
667.236328 36.959133 0.000000  0.000000 
667.333984 36.955749 0.000000  0.000000 
667.431641 36.952366 0.000000  0.000000 
667.529297 36.948984 0.000000  0.000000 
667.626953 36.945603 0.000000  0.000000 
667.724609 36.942222 0.000000  0.000000 
667.822266 36.938841 0.000000  0.000000 
667.919922 36.935462 0.000000  0.000000 
668.017578 36.932083 0.000000  0.000000 
668.115234 36.928705 0.000000  0.000000 
668.212891 36.925327 0.000000  0.000000 
668.310547 36.921950 0.000000  0.000000 
668.408203 36.918574 0.000000  0.000000 
668.505859 36.915199 0.000000  0.000000 
668.603516 36.911824 0.000000  0.000000 
668.701172 36.908449 0.000000  0.000000 
668.798828 36.905076 0.000000  0.000000 
668.896484 36.901703 0.000000  0.000000 
668.994141 36.898331 0.000000  0.000000 
669.091797 36.894959 0.000000  0.000000 
669.189453 36.891588 0.000000  0.000000 
669.287109 36.888218 0.000000  0.000000 
669.384766 36.884848 0.000000  0.000000 
669.482422 36.881479 0.000000  0.000000 
669.580078 36.878111 0.000000  0.000000 
669.677734 36.874744 0.000000  0.000000 
669.775391 36.871377 0.000000  0.000000 
669.873047 36.868010 0.000000  0.000000 
669.970703 36.864645 0.000000  0.000000 
670.068359 36.861280 0.000000  0.000000 
670.166016 36.857916 0.000000  0.000000 
670.263672 36.854552 0.000000  0.000000 
670.361328 36.851189 0.000000  0.000000 
670.458984 36.847827 0.000000  0.000000 
670.556641 36.844465 0.000000  0.000000 
670.654297 36.841104 0.000000  0.000000 
670.751953 36.837744 0.000000  0.000000 
670.849609 36.834384 0.000000  0.000000 
670.947266 36.831025 0.000000  0.000000 
671.044922 36.827667 0.000000  0.000000 
671.142578 36.824309 0.000000  0.000000 
671.240234 36.820952 0.000000  0.000000 
671.337891 36.817595 0.000000  0.000000 
671.435547 36.814240 0.000000  0.000000 
671.533203 36.810885 0.000000  0.000000 
671.630859 36.807530 0.000000  0.000000 
671.728516 36.804177 0.000000  0.000000 
671.826172 36.800823 0.000000  0.000000 
671.923828 36.797471 0.000000  0.000000 
672.021484 36.794119 0.000000  0.000000 
672.119141 36.790768 0.000000  0.000000 
672.216797 36.787418 0.000000  0.000000 
672.314453 36.784068 0.000000  0.000000 
672.412109 36.780719 0.000000  0.000000 
672.509766 36.777370 0.000000  0.000000 
672.607422 36.774022 0.000000  0.000000 
672.705078 36.770675 0.000000  0.000000 
672.802734 36.767329 0.000000  0.000000 
672.900391 36.763983 0.000000  0.000000 
672.998047 36.760638 0.000000  0.000000 
673.095703 36.757293 0.000000  0.000000 
673.193359 36.753949 0.000000  0.000000 
673.291016 36.750606 0.000000  0.000000 
673.388672 36.747263 0.000000  0.000000 
673.486328 36.743921 0.000000  0.000000 
673.583984 36.740580 0.000000  0.000000 
673.681641 36.737239 0.000000  0.000000 
673.779297 36.733899 0.000000  0.000000 
673.876953 36.730560 0.000000  0.000000 
673.974609 36.727221 0.000000  0.000000 
674.072266 36.723883 0.000000  0.000000 
674.169922 36.720546 0.000000  0.000000 
674.267578 36.717209 0.000000  0.000000 
674.365234 36.713873 0.000000  0.000000 
674.462891 36.710538 0.000000  0.000000 
674.560547 36.707203 0.000000  0.000000 
674.658203 36.703869 0.000000  0.000000 
674.755859 36.700535 0.000000  0.000000 
674.853516 36.697203 0.000000  0.000000 
674.951172 36.693871 0.000000  0.000000 
675.048828 36.690539 0.000000  0.000000 
675.146484 36.687208 0.000000  0.000000 
675.244141 36.683878 0.000000  0.000000 
675.341797 36.680548 0.000000  0.000000 
675.439453 36.677219 0.000000  0.000000 
675.537109 36.673891 0.000000  0.000000 
675.634766 36.670564 0.000000  0.000000 
675.732422 36.667237 0.000000  0.000000 
675.830078 36.663910 0.000000  0.000000 
675.927734 36.660585 0.000000  0.000000 
676.025391 36.657260 0.000000  0.000000 
676.123047 36.653935 0.000000  0.000000 
676.220703 36.650612 0.000000  0.000000 
676.318359 36.647289 0.000000  0.000000 
676.416016 36.643966 0.000000  0.000000 
676.513672 36.640644 0.000000  0.000000 
676.611328 36.637323 0.000000  0.000000 
676.708984 36.634003 0.000000  0.000000 
676.806641 36.630683 0.000000  0.000000 
676.904297 36.627364 0.000000  0.000000 
677.001953 36.624045 0.000000  0.000000 
677.099609 36.620727 0.000000  0.000000 
677.197266 36.617410 0.000000  0.000000 
677.294922 36.614093 0.000000  0.000000 
677.392578 36.610777 0.000000  0.000000 
677.490234 36.607462 0.000000  0.000000 
677.587891 36.604148 0.000000  0.000000 
677.685547 36.600833 0.000000  0.000000 
677.783203 36.597520 0.000000  0.000000 
677.880859 36.594207 0.000000  0.000000 
677.978516 36.590895 0.000000  0.000000 
678.076172 36.587584 0.000000  0.000000 
678.173828 36.584273 0.000000  0.000000 
678.271484 36.580963 0.000000  0.000000 
678.369141 36.577653 0.000000  0.000000 
678.466797 36.574345 0.000000  0.000000 
678.564453 36.571036 0.000000  0.000000 
678.662109 36.567729 0.000000  0.000000 
678.759766 36.564422 0.000000  0.000000 
678.857422 36.561116 0.000000  0.000000 
678.955078 36.557810 0.000000  0.000000 
679.052734 36.554505 0.000000  0.000000 
679.150391 36.551201 0.000000  0.000000 
679.248047 36.547897 0.000000  0.000000 
679.345703 36.544594 0.000000  0.000000 
679.443359 36.541291 0.000000  0.000000 
679.541016 36.537989 0.000000  0.000000 
679.638672 36.534688 0.000000  0.000000 
679.736328 36.531388 0.000000  0.000000 
679.833984 36.528088 0.000000  0.000000 
679.931641 36.524789 0.000000  0.000000 
680.029297 36.521490 0.000000  0.000000 
680.126953 36.518192 0.000000  0.000000 
680.224609 36.514895 0.000000  0.000000 
680.322266 36.511598 0.000000  0.000000 
680.419922 36.508302 0.000000  0.000000 
680.517578 36.505007 0.000000  0.000000 
680.615234 36.501712 0.000000  0.000000 
680.712891 36.498418 0.000000  0.000000 
680.810547 36.495124 0.000000  0.000000 
680.908203 36.491832 0.000000  0.000000 
681.005859 36.488539 0.000000  0.000000 
681.103516 36.485248 0.000000  0.000000 
681.201172 36.481957 0.000000  0.000000 
681.298828 36.478667 0.000000  0.000000 
681.396484 36.475377 0.000000  0.000000 
681.494141 36.472088 0.000000  0.000000 
681.591797 36.468800 0.000000  0.000000 
681.689453 36.465512 0.000000  0.000000 
681.787109 36.462225 0.000000  0.000000 
681.884766 36.458938 0.000000  0.000000 
681.982422 36.455652 0.000000  0.000000 
682.080078 36.452367 0.000000  0.000000 
682.177734 36.449083 0.000000  0.000000 
682.275391 36.445799 0.000000  0.000000 
682.373047 36.442516 0.000000  0.000000 
682.470703 36.439233 0.000000  0.000000 
682.568359 36.435951 0.000000  0.000000 
682.666016 36.432670 0.000000  0.000000 
682.763672 36.429389 0.000000  0.000000 
682.861328 36.426109 0.000000  0.000000 
682.958984 36.422829 0.000000  0.000000 
683.056641 36.419550 0.000000  0.000000 
683.154297 36.416272 0.000000  0.000000 
683.251953 36.412995 0.000000  0.000000 
683.349609 36.409718 0.000000  0.000000 
683.447266 36.406441 0.000000  0.000000 
683.544922 36.403166 0.000000  0.000000 
683.642578 36.399891 0.000000  0.000000 
683.740234 36.396616 0.000000  0.000000 
683.837891 36.393342 0.000000  0.000000 
683.935547 36.390069 0.000000  0.000000 
684.033203 36.386797 0.000000  0.000000 
684.130859 36.383525 0.000000  0.000000 
684.228516 36.380254 0.000000  0.000000 
684.326172 36.376983 0.000000  0.000000 
684.423828 36.373713 0.000000  0.000000 
684.521484 36.370444 0.000000  0.000000 
684.619141 36.367175 0.000000  0.000000 
684.716797 36.363907 0.000000  0.000000 
684.814453 36.360640 0.000000  0.000000 
684.912109 36.357373 0.000000  0.000000 
685.009766 36.354107 0.000000  0.000000 
685.107422 36.350841 0.000000  0.000000 
685.205078 36.347576 0.000000  0.000000 
685.302734 36.344312 0.000000  0.000000 
685.400391 36.341048 0.000000  0.000000 
685.498047 36.337785 0.000000  0.000000 
685.595703 36.334523 0.000000  0.000000 
685.693359 36.331261 0.000000  0.000000 
685.791016 36.328000 0.000000  0.000000 
685.888672 36.324739 0.000000  0.000000 
685.986328 36.321479 0.000000  0.000000 
686.083984 36.318220 0.000000  0.000000 
686.181641 36.314961 0.000000  0.000000 
686.279297 36.311703 0.000000  0.000000 
686.376953 36.308446 0.000000  0.000000 
686.474609 36.305189 0.000000  0.000000 
686.572266 36.301933 0.000000  0.000000 
686.669922 36.298678 0.000000  0.000000 
686.767578 36.295423 0.000000  0.000000 
686.865234 36.292168 0.000000  0.000000 
686.962891 36.288915 0.000000  0.000000 
687.060547 36.285662 0.000000  0.000000 
687.158203 36.282409 0.000000  0.000000 
687.255859 36.279158 0.000000  0.000000 
687.353516 36.275907 0.000000  0.000000 
687.451172 36.272656 0.000000  0.000000 
687.548828 36.269406 0.000000  0.000000 
687.646484 36.266157 0.000000  0.000000 
687.744141 36.262908 0.000000  0.000000 
687.841797 36.259660 0.000000  0.000000 
687.939453 36.256413 0.000000  0.000000 
688.037109 36.253166 0.000000  0.000000 
688.134766 36.249920 0.000000  0.000000 
688.232422 36.246675 0.000000  0.000000 
688.330078 36.243430 0.000000  0.000000 
688.427734 36.240185 0.000000  0.000000 
688.525391 36.236942 0.000000  0.000000 
688.623047 36.233699 0.000000  0.000000 
688.720703 36.230456 0.000000  0.000000 
688.818359 36.227215 0.000000  0.000000 
688.916016 36.223974 0.000000  0.000000 
689.013672 36.220733 0.000000  0.000000 
689.111328 36.217493 0.000000  0.000000 
689.208984 36.214254 0.000000  0.000000 
689.306641 36.211015 0.000000  0.000000 
689.404297 36.207777 0.000000  0.000000 
689.501953 36.204540 0.000000  0.000000 
689.599609 36.201303 0.000000  0.000000 
689.697266 36.198067 0.000000  0.000000 
689.794922 36.194831 0.000000  0.000000 
689.892578 36.191596 0.000000  0.000000 
689.990234 36.188362 0.000000  0.000000 
690.087891 36.185128 0.000000  0.000000 
690.185547 36.181895 0.000000  0.000000 
690.283203 36.178663 0.000000  0.000000 
690.380859 36.175431 0.000000  0.000000 
690.478516 36.172200 0.000000  0.000000 
690.576172 36.168969 0.000000  0.000000 
690.673828 36.165739 0.000000  0.000000 
690.771484 36.162510 0.000000  0.000000 
690.869141 36.159281 0.000000  0.000000 
690.966797 36.156053 0.000000  0.000000 
691.064453 36.152826 0.000000  0.000000 
691.162109 36.149599 0.000000  0.000000 
691.259766 36.146373 0.000000  0.000000 
691.357422 36.143147 0.000000  0.000000 
691.455078 36.139922 0.000000  0.000000 
691.552734 36.136698 0.000000  0.000000 
691.650391 36.133474 0.000000  0.000000 
691.748047 36.130251 0.000000  0.000000 
691.845703 36.127028 0.000000  0.000000 
691.943359 36.123806 0.000000  0.000000 
692.041016 36.120585 0.000000  0.000000 
692.138672 36.117364 0.000000  0.000000 
692.236328 36.114144 0.000000  0.000000 
692.333984 36.110925 0.000000  0.000000 
692.431641 36.107706 0.000000  0.000000 
692.529297 36.104488 0.000000  0.000000 
692.626953 36.101270 0.000000  0.000000 
692.724609 36.098053 0.000000  0.000000 
692.822266 36.094836 0.000000  0.000000 
692.919922 36.091621 0.000000  0.000000 
693.017578 36.088406 0.000000  0.000000 
693.115234 36.085191 0.000000  0.000000 
693.212891 36.081977 0.000000  0.000000 
693.310547 36.078764 0.000000  0.000000 
693.408203 36.075551 0.000000  0.000000 
693.505859 36.072339 0.000000  0.000000 
693.603516 36.069128 0.000000  0.000000 
693.701172 36.065917 0.000000  0.000000 
693.798828 36.062706 0.000000  0.000000 
693.896484 36.059497 0.000000  0.000000 
693.994141 36.056288 0.000000  0.000000 
694.091797 36.053079 0.000000  0.000000 
694.189453 36.049872 0.000000  0.000000 
694.287109 36.046664 0.000000  0.000000 
694.384766 36.043458 0.000000  0.000000 
694.482422 36.040252 0.000000  0.000000 
694.580078 36.037047 0.000000  0.000000 
694.677734 36.033842 0.000000  0.000000 
694.775391 36.030638 0.000000  0.000000 
694.873047 36.027434 0.000000  0.000000 
694.970703 36.024231 0.000000  0.000000 
695.068359 36.021029 0.000000  0.000000 
695.166016 36.017827 0.000000  0.000000 
695.263672 36.014626 0.000000  0.000000 
695.361328 36.011426 0.000000  0.000000 
695.458984 36.008226 0.000000  0.000000 
695.556641 36.005027 0.000000  0.000000 
695.654297 36.001828 0.000000  0.000000 
695.751953 35.998630 0.000000  0.000000 
695.849609 35.995433 0.000000  0.000000 
695.947266 35.992236 0.000000  0.000000 
696.044922 35.989040 0.000000  0.000000 
696.142578 35.985844 0.000000  0.000000 
696.240234 35.982649 0.000000  0.000000 
696.337891 35.979455 0.000000  0.000000 
696.435547 35.976261 0.000000  0.000000 
696.533203 35.973068 0.000000  0.000000 
696.630859 35.969875 0.000000  0.000000 
696.728516 35.966683 0.000000  0.000000 
696.826172 35.963492 0.000000  0.000000 
696.923828 35.960301 0.000000  0.000000 
697.021484 35.957111 0.000000  0.000000 
697.119141 35.953922 0.000000  0.000000 
697.216797 35.950733 0.000000  0.000000 
697.314453 35.947544 0.000000  0.000000 
697.412109 35.944357 0.000000  0.000000 
697.509766 35.941170 0.000000  0.000000 
697.607422 35.937983 0.000000  0.000000 
697.705078 35.934797 0.000000  0.000000 
697.802734 35.931612 0.000000  0.000000 
697.900391 35.928427 0.000000  0.000000 
697.998047 35.925243 0.000000  0.000000 
698.095703 35.922060 0.000000  0.000000 
698.193359 35.918877 0.000000  0.000000 
698.291016 35.915695 0.000000  0.000000 
698.388672 35.912513 0.000000  0.000000 
698.486328 35.909332 0.000000  0.000000 
698.583984 35.906152 0.000000  0.000000 
698.681641 35.902972 0.000000  0.000000 
698.779297 35.899793 0.000000  0.000000 
698.876953 35.896614 0.000000  0.000000 
698.974609 35.893436 0.000000  0.000000 
699.072266 35.890259 0.000000  0.000000 
699.169922 35.887082 0.000000  0.000000 
699.267578 35.883906 0.000000  0.000000 
699.365234 35.880730 0.000000  0.000000 
699.462891 35.877555 0.000000  0.000000 
699.560547 35.874381 0.000000  0.000000 
699.658203 35.871207 0.000000  0.000000 
699.755859 35.868034 0.000000  0.000000 
699.853516 35.864861 0.000000  0.000000 
699.951172 35.861689 0.000000  0.000000 
700.048828 35.858518 0.000000  0.000000 
700.146484 35.855347 0.000000  0.000000 
700.244141 35.852177 0.000000  0.000000 
700.341797 35.849007 0.000000  0.000000 
700.439453 35.845838 0.000000  0.000000 
700.537109 35.842670 0.000000  0.000000 
700.634766 35.839502 0.000000  0.000000 
700.732422 35.836335 0.000000  0.000000 
700.830078 35.833168 0.000000  0.000000 
700.927734 35.830002 0.000000  0.000000 
701.025391 35.826837 0.000000  0.000000 
701.123047 35.823672 0.000000  0.000000 
701.220703 35.820508 0.000000  0.000000 
701.318359 35.817344 0.000000  0.000000 
701.416016 35.814181 0.000000  0.000000 
701.513672 35.811019 0.000000  0.000000 
701.611328 35.807857 0.000000  0.000000 
701.708984 35.804696 0.000000  0.000000 
701.806641 35.801535 0.000000  0.000000 
701.904297 35.798375 0.000000  0.000000 
702.001953 35.795216 0.000000  0.000000 
702.099609 35.792057 0.000000  0.000000 
702.197266 35.788899 0.000000  0.000000 
702.294922 35.785741 0.000000  0.000000 
702.392578 35.782584 0.000000  0.000000 
702.490234 35.779428 0.000000  0.000000 
702.587891 35.776272 0.000000  0.000000 
702.685547 35.773117 0.000000  0.000000 
702.783203 35.769962 0.000000  0.000000 
702.880859 35.766808 0.000000  0.000000 
702.978516 35.763655 0.000000  0.000000 
703.076172 35.760502 0.000000  0.000000 
703.173828 35.757349 0.000000  0.000000 
703.271484 35.754198 0.000000  0.000000 
703.369141 35.751047 0.000000  0.000000 
703.466797 35.747896 0.000000  0.000000 
703.564453 35.744746 0.000000  0.000000 
703.662109 35.741597 0.000000  0.000000 
703.759766 35.738449 0.000000  0.000000 
703.857422 35.735300 0.000000  0.000000 
703.955078 35.732153 0.000000  0.000000 
704.052734 35.729006 0.000000  0.000000 
704.150391 35.725860 0.000000  0.000000 
704.248047 35.722714 0.000000  0.000000 
704.345703 35.719569 0.000000  0.000000 
704.443359 35.716424 0.000000  0.000000 
704.541016 35.713281 0.000000  0.000000 
704.638672 35.710137 0.000000  0.000000 
704.736328 35.706994 0.000000  0.000000 
704.833984 35.703852 0.000000  0.000000 
704.931641 35.700711 0.000000  0.000000 
705.029297 35.697570 0.000000  0.000000 
705.126953 35.694429 0.000000  0.000000 
705.224609 35.691290 0.000000  0.000000 
705.322266 35.688150 0.000000  0.000000 
705.419922 35.685012 0.000000  0.000000 
705.517578 35.681874 0.000000  0.000000 
705.615234 35.678736 0.000000  0.000000 
705.712891 35.675600 0.000000  0.000000 
705.810547 35.672463 0.000000  0.000000 
705.908203 35.669328 0.000000  0.000000 
706.005859 35.666193 0.000000  0.000000 
706.103516 35.663058 0.000000  0.000000 
706.201172 35.659924 0.000000  0.000000 
706.298828 35.656791 0.000000  0.000000 
706.396484 35.653658 0.000000  0.000000 
706.494141 35.650526 0.000000  0.000000 
706.591797 35.647395 0.000000  0.000000 
706.689453 35.644264 0.000000  0.000000 
706.787109 35.641134 0.000000  0.000000 
706.884766 35.638004 0.000000  0.000000 
706.982422 35.634875 0.000000  0.000000 
707.080078 35.631746 0.000000  0.000000 
707.177734 35.628618 0.000000  0.000000 
707.275391 35.625491 0.000000  0.000000 
707.373047 35.622364 0.000000  0.000000 
707.470703 35.619238 0.000000  0.000000 
707.568359 35.616112 0.000000  0.000000 
707.666016 35.612987 0.000000  0.000000 
707.763672 35.609863 0.000000  0.000000 
707.861328 35.606739 0.000000  0.000000 
707.958984 35.603615 0.000000  0.000000 
708.056641 35.600493 0.000000  0.000000 
708.154297 35.597371 0.000000  0.000000 
708.251953 35.594249 0.000000  0.000000 
708.349609 35.591128 0.000000  0.000000 
708.447266 35.588008 0.000000  0.000000 
708.544922 35.584888 0.000000  0.000000 
708.642578 35.581769 0.000000  0.000000 
708.740234 35.578650 0.000000  0.000000 
708.837891 35.575532 0.000000  0.000000 
708.935547 35.572415 0.000000  0.000000 
709.033203 35.569298 0.000000  0.000000 
709.130859 35.566182 0.000000  0.000000 
709.228516 35.563066 0.000000  0.000000 
709.326172 35.559951 0.000000  0.000000 
709.423828 35.556836 0.000000  0.000000 
709.521484 35.553723 0.000000  0.000000 
709.619141 35.550609 0.000000  0.000000 
709.716797 35.547496 0.000000  0.000000 
709.814453 35.544384 0.000000  0.000000 
709.912109 35.541273 0.000000  0.000000 
710.009766 35.538162 0.000000  0.000000 
710.107422 35.535051 0.000000  0.000000 
710.205078 35.531941 0.000000  0.000000 
710.302734 35.528832 0.000000  0.000000 
710.400391 35.525724 0.000000  0.000000 
710.498047 35.522615 0.000000  0.000000 
710.595703 35.519508 0.000000  0.000000 
710.693359 35.516401 0.000000  0.000000 
710.791016 35.513295 0.000000  0.000000 
710.888672 35.510189 0.000000  0.000000 
710.986328 35.507084 0.000000  0.000000 
711.083984 35.503979 0.000000  0.000000 
711.181641 35.500875 0.000000  0.000000 
711.279297 35.497772 0.000000  0.000000 
711.376953 35.494669 0.000000  0.000000 
711.474609 35.491567 0.000000  0.000000 
711.572266 35.488465 0.000000  0.000000 
711.669922 35.485364 0.000000  0.000000 
711.767578 35.482263 0.000000  0.000000 
711.865234 35.479163 0.000000  0.000000 
711.962891 35.476064 0.000000  0.000000 
712.060547 35.472965 0.000000  0.000000 
712.158203 35.469867 0.000000  0.000000 
712.255859 35.466769 0.000000  0.000000 
712.353516 35.463672 0.000000  0.000000 
712.451172 35.460576 0.000000  0.000000 
712.548828 35.457480 0.000000  0.000000 
712.646484 35.454385 0.000000  0.000000 
712.744141 35.451290 0.000000  0.000000 
712.841797 35.448196 0.000000  0.000000 
712.939453 35.445102 0.000000  0.000000 
713.037109 35.442009 0.000000  0.000000 
713.134766 35.438917 0.000000  0.000000 
713.232422 35.435825 0.000000  0.000000 
713.330078 35.432733 0.000000  0.000000 
713.427734 35.429643 0.000000  0.000000 
713.525391 35.426553 0.000000  0.000000 
713.623047 35.423463 0.000000  0.000000 
713.720703 35.420374 0.000000  0.000000 
713.818359 35.417286 0.000000  0.000000 
713.916016 35.414198 0.000000  0.000000 
714.013672 35.411111 0.000000  0.000000 
714.111328 35.408024 0.000000  0.000000 
714.208984 35.404938 0.000000  0.000000 
714.306641 35.401852 0.000000  0.000000 
714.404297 35.398767 0.000000  0.000000 
714.501953 35.395683 0.000000  0.000000 
714.599609 35.392599 0.000000  0.000000 
714.697266 35.389516 0.000000  0.000000 
714.794922 35.386433 0.000000  0.000000 
714.892578 35.383351 0.000000  0.000000 
714.990234 35.380270 0.000000  0.000000 
715.087891 35.377189 0.000000  0.000000 
715.185547 35.374109 0.000000  0.000000 
715.283203 35.371029 0.000000  0.000000 
715.380859 35.367950 0.000000  0.000000 
715.478516 35.364871 0.000000  0.000000 
715.576172 35.361793 0.000000  0.000000 
715.673828 35.358716 0.000000  0.000000 
715.771484 35.355639 0.000000  0.000000 
715.869141 35.352562 0.000000  0.000000 
715.966797 35.349487 0.000000  0.000000 
716.064453 35.346411 0.000000  0.000000 
716.162109 35.343337 0.000000  0.000000 
716.259766 35.340263 0.000000  0.000000 
716.357422 35.337189 0.000000  0.000000 
716.455078 35.334116 0.000000  0.000000 
716.552734 35.331044 0.000000  0.000000 
716.650391 35.327972 0.000000  0.000000 
716.748047 35.324901 0.000000  0.000000 
716.845703 35.321830 0.000000  0.000000 
716.943359 35.318760 0.000000  0.000000 
717.041016 35.315691 0.000000  0.000000 
717.138672 35.312622 0.000000  0.000000 
717.236328 35.309554 0.000000  0.000000 
717.333984 35.306486 0.000000  0.000000 
717.431641 35.303419 0.000000  0.000000 
717.529297 35.300352 0.000000  0.000000 
717.626953 35.297286 0.000000  0.000000 
717.724609 35.294221 0.000000  0.000000 
717.822266 35.291156 0.000000  0.000000 
717.919922 35.288091 0.000000  0.000000 
718.017578 35.285028 0.000000  0.000000 
718.115234 35.281964 0.000000  0.000000 
718.212891 35.278902 0.000000  0.000000 
718.310547 35.275840 0.000000  0.000000 
718.408203 35.272778 0.000000  0.000000 
718.505859 35.269717 0.000000  0.000000 
718.603516 35.266657 0.000000  0.000000 
718.701172 35.263597 0.000000  0.000000 
718.798828 35.260538 0.000000  0.000000 
718.896484 35.257479 0.000000  0.000000 
718.994141 35.254421 0.000000  0.000000 
719.091797 35.251364 0.000000  0.000000 
719.189453 35.248307 0.000000  0.000000 
719.287109 35.245250 0.000000  0.000000 
719.384766 35.242194 0.000000  0.000000 
719.482422 35.239139 0.000000  0.000000 
719.580078 35.236085 0.000000  0.000000 
719.677734 35.233030 0.000000  0.000000 
719.775391 35.229977 0.000000  0.000000 
719.873047 35.226924 0.000000  0.000000 
719.970703 35.223871 0.000000  0.000000 
720.068359 35.220820 0.000000  0.000000 
720.166016 35.217768 0.000000  0.000000 
720.263672 35.214718 0.000000  0.000000 
720.361328 35.211667 0.000000  0.000000 
720.458984 35.208618 0.000000  0.000000 
720.556641 35.205569 0.000000  0.000000 
720.654297 35.202520 0.000000  0.000000 
720.751953 35.199472 0.000000  0.000000 
720.849609 35.196425 0.000000  0.000000 
720.947266 35.193378 0.000000  0.000000 
721.044922 35.190332 0.000000  0.000000 
721.142578 35.187286 0.000000  0.000000 
721.240234 35.184241 0.000000  0.000000 
721.337891 35.181197 0.000000  0.000000 
721.435547 35.178153 0.000000  0.000000 
721.533203 35.175109 0.000000  0.000000 
721.630859 35.172067 0.000000  0.000000 
721.728516 35.169024 0.000000  0.000000 
721.826172 35.165983 0.000000  0.000000 
721.923828 35.162941 0.000000  0.000000 
722.021484 35.159901 0.000000  0.000000 
722.119141 35.156861 0.000000  0.000000 
722.216797 35.153821 0.000000  0.000000 
722.314453 35.150782 0.000000  0.000000 
722.412109 35.147744 0.000000  0.000000 
722.509766 35.144706 0.000000  0.000000 
722.607422 35.141669 0.000000  0.000000 
722.705078 35.138632 0.000000  0.000000 
722.802734 35.135596 0.000000  0.000000 
722.900391 35.132561 0.000000  0.000000 
722.998047 35.129526 0.000000  0.000000 
723.095703 35.126491 0.000000  0.000000 
723.193359 35.123458 0.000000  0.000000 
723.291016 35.120424 0.000000  0.000000 
723.388672 35.117392 0.000000  0.000000 
723.486328 35.114359 0.000000  0.000000 
723.583984 35.111328 0.000000  0.000000 
723.681641 35.108297 0.000000  0.000000 
723.779297 35.105266 0.000000  0.000000 
723.876953 35.102236 0.000000  0.000000 
723.974609 35.099207 0.000000  0.000000 
724.072266 35.096178 0.000000  0.000000 
724.169922 35.093150 0.000000  0.000000 
724.267578 35.090122 0.000000  0.000000 
724.365234 35.087095 0.000000  0.000000 
724.462891 35.084068 0.000000  0.000000 
724.560547 35.081042 0.000000  0.000000 
724.658203 35.078017 0.000000  0.000000 
724.755859 35.074992 0.000000  0.000000 
724.853516 35.071968 0.000000  0.000000 
724.951172 35.068944 0.000000  0.000000 
725.048828 35.065921 0.000000  0.000000 
725.146484 35.062898 0.000000  0.000000 
725.244141 35.059876 0.000000  0.000000 
725.341797 35.056854 0.000000  0.000000 
725.439453 35.053833 0.000000  0.000000 
725.537109 35.050813 0.000000  0.000000 
725.634766 35.047793 0.000000  0.000000 
725.732422 35.044773 0.000000  0.000000 
725.830078 35.041755 0.000000  0.000000 
725.927734 35.038736 0.000000  0.000000 
726.025391 35.035719 0.000000  0.000000 
726.123047 35.032702 0.000000  0.000000 
726.220703 35.029685 0.000000  0.000000 
726.318359 35.026669 0.000000  0.000000 
726.416016 35.023654 0.000000  0.000000 
726.513672 35.020639 0.000000  0.000000 
726.611328 35.017624 0.000000  0.000000 
726.708984 35.014611 0.000000  0.000000 
726.806641 35.011597 0.000000  0.000000 
726.904297 35.008585 0.000000  0.000000 
727.001953 35.005572 0.000000  0.000000 
727.099609 35.002561 0.000000  0.000000 
727.197266 34.999550 0.000000  0.000000 
727.294922 34.996539 0.000000  0.000000 
727.392578 34.993529 0.000000  0.000000 
727.490234 34.990520 0.000000  0.000000 
727.587891 34.987511 0.000000  0.000000 
727.685547 34.984503 0.000000  0.000000 
727.783203 34.981495 0.000000  0.000000 
727.880859 34.978488 0.000000  0.000000 
727.978516 34.975482 0.000000  0.000000 
728.076172 34.972475 0.000000  0.000000 
728.173828 34.969470 0.000000  0.000000 
728.271484 34.966465 0.000000  0.000000 
728.369141 34.963461 0.000000  0.000000 
728.466797 34.960457 0.000000  0.000000 
728.564453 34.957453 0.000000  0.000000 
728.662109 34.954451 0.000000  0.000000 
728.759766 34.951449 0.000000  0.000000 
728.857422 34.948447 0.000000  0.000000 
728.955078 34.945446 0.000000  0.000000 
729.052734 34.942445 0.000000  0.000000 
729.150391 34.939445 0.000000  0.000000 
729.248047 34.936446 0.000000  0.000000 
729.345703 34.933447 0.000000  0.000000 
729.443359 34.930449 0.000000  0.000000 
729.541016 34.927451 0.000000  0.000000 
729.638672 34.924454 0.000000  0.000000 
729.736328 34.921457 0.000000  0.000000 
729.833984 34.918461 0.000000  0.000000 
729.931641 34.915465 0.000000  0.000000 
730.029297 34.912470 0.000000  0.000000 
730.126953 34.909476 0.000000  0.000000 
730.224609 34.906482 0.000000  0.000000 
730.322266 34.903488 0.000000  0.000000 
730.419922 34.900495 0.000000  0.000000 
730.517578 34.897503 0.000000  0.000000 
730.615234 34.894511 0.000000  0.000000 
730.712891 34.891520 0.000000  0.000000 
730.810547 34.888529 0.000000  0.000000 
730.908203 34.885539 0.000000  0.000000 
731.005859 34.882550 0.000000  0.000000 
731.103516 34.879561 0.000000  0.000000 
731.201172 34.876572 0.000000  0.000000 
731.298828 34.873584 0.000000  0.000000 
731.396484 34.870597 0.000000  0.000000 
731.494141 34.867610 0.000000  0.000000 
731.591797 34.864624 0.000000  0.000000 
731.689453 34.861638 0.000000  0.000000 
731.787109 34.858653 0.000000  0.000000 
731.884766 34.855668 0.000000  0.000000 
731.982422 34.852684 0.000000  0.000000 
732.080078 34.849701 0.000000  0.000000 
732.177734 34.846717 0.000000  0.000000 
732.275391 34.843735 0.000000  0.000000 
732.373047 34.840753 0.000000  0.000000 
732.470703 34.837772 0.000000  0.000000 
732.568359 34.834791 0.000000  0.000000 
732.666016 34.831811 0.000000  0.000000 
732.763672 34.828831 0.000000  0.000000 
732.861328 34.825852 0.000000  0.000000 
732.958984 34.822873 0.000000  0.000000 
733.056641 34.819895 0.000000  0.000000 
733.154297 34.816917 0.000000  0.000000 
733.251953 34.813940 0.000000  0.000000 
733.349609 34.810964 0.000000  0.000000 
733.447266 34.807988 0.000000  0.000000 
733.544922 34.805012 0.000000  0.000000 
733.642578 34.802038 0.000000  0.000000 
733.740234 34.799063 0.000000  0.000000 
733.837891 34.796089 0.000000  0.000000 
733.935547 34.793116 0.000000  0.000000 
734.033203 34.790144 0.000000  0.000000 
734.130859 34.787171 0.000000  0.000000 
734.228516 34.784200 0.000000  0.000000 
734.326172 34.781229 0.000000  0.000000 
734.423828 34.778258 0.000000  0.000000 
734.521484 34.775288 0.000000  0.000000 
734.619141 34.772319 0.000000  0.000000 
734.716797 34.769350 0.000000  0.000000 
734.814453 34.766382 0.000000  0.000000 
734.912109 34.763414 0.000000  0.000000 
735.009766 34.760446 0.000000  0.000000 
735.107422 34.757480 0.000000  0.000000 
735.205078 34.754514 0.000000  0.000000 
735.302734 34.751548 0.000000  0.000000 
735.400391 34.748583 0.000000  0.000000 
735.498047 34.745618 0.000000  0.000000 
735.595703 34.742654 0.000000  0.000000 
735.693359 34.739691 0.000000  0.000000 
735.791016 34.736728 0.000000  0.000000 
735.888672 34.733765 0.000000  0.000000 
735.986328 34.730803 0.000000  0.000000 
736.083984 34.727842 0.000000  0.000000 
736.181641 34.724881 0.000000  0.000000 
736.279297 34.721921 0.000000  0.000000 
736.376953 34.718961 0.000000  0.000000 
736.474609 34.716002 0.000000  0.000000 
736.572266 34.713043 0.000000  0.000000 
736.669922 34.710085 0.000000  0.000000 
736.767578 34.707128 0.000000  0.000000 
736.865234 34.704171 0.000000  0.000000 
736.962891 34.701214 0.000000  0.000000 
737.060547 34.698258 0.000000  0.000000 
737.158203 34.695303 0.000000  0.000000 
737.255859 34.692348 0.000000  0.000000 
737.353516 34.689394 0.000000  0.000000 
737.451172 34.686440 0.000000  0.000000 
737.548828 34.683487 0.000000  0.000000 
737.646484 34.680534 0.000000  0.000000 
737.744141 34.677582 0.000000  0.000000 
737.841797 34.674630 0.000000  0.000000 
737.939453 34.671679 0.000000  0.000000 
738.037109 34.668728 0.000000  0.000000 
738.134766 34.665778 0.000000  0.000000 
738.232422 34.662829 0.000000  0.000000 
738.330078 34.659880 0.000000  0.000000 
738.427734 34.656931 0.000000  0.000000 
738.525391 34.653983 0.000000  0.000000 
738.623047 34.651036 0.000000  0.000000 
738.720703 34.648089 0.000000  0.000000 
738.818359 34.645143 0.000000  0.000000 
738.916016 34.642197 0.000000  0.000000 
739.013672 34.639252 0.000000  0.000000 
739.111328 34.636307 0.000000  0.000000 
739.208984 34.633363 0.000000  0.000000 
739.306641 34.630419 0.000000  0.000000 
739.404297 34.627476 0.000000  0.000000 
739.501953 34.624534 0.000000  0.000000 
739.599609 34.621592 0.000000  0.000000 
739.697266 34.618650 0.000000  0.000000 
739.794922 34.615709 0.000000  0.000000 
739.892578 34.612769 0.000000  0.000000 
739.990234 34.609829 0.000000  0.000000 
740.087891 34.606889 0.000000  0.000000 
740.185547 34.603950 0.000000  0.000000 
740.283203 34.601012 0.000000  0.000000 
740.380859 34.598074 0.000000  0.000000 
740.478516 34.595137 0.000000  0.000000 
740.576172 34.592200 0.000000  0.000000 
740.673828 34.589264 0.000000  0.000000 
740.771484 34.586329 0.000000  0.000000 
740.869141 34.583393 0.000000  0.000000 
740.966797 34.580459 0.000000  0.000000 
741.064453 34.577525 0.000000  0.000000 
741.162109 34.574591 0.000000  0.000000 
741.259766 34.571658 0.000000  0.000000 
741.357422 34.568726 0.000000  0.000000 
741.455078 34.565794 0.000000  0.000000 
741.552734 34.562862 0.000000  0.000000 
741.650391 34.559932 0.000000  0.000000 
741.748047 34.557001 0.000000  0.000000 
741.845703 34.554071 0.000000  0.000000 
741.943359 34.551142 0.000000  0.000000 
742.041016 34.548213 0.000000  0.000000 
742.138672 34.545285 0.000000  0.000000 
742.236328 34.542357 0.000000  0.000000 
742.333984 34.539430 0.000000  0.000000 
742.431641 34.536504 0.000000  0.000000 
742.529297 34.533578 0.000000  0.000000 
742.626953 34.530652 0.000000  0.000000 
742.724609 34.527727 0.000000  0.000000 
742.822266 34.524802 0.000000  0.000000 
742.919922 34.521878 0.000000  0.000000 
743.017578 34.518955 0.000000  0.000000 
743.115234 34.516032 0.000000  0.000000 
743.212891 34.513110 0.000000  0.000000 
743.310547 34.510188 0.000000  0.000000 
743.408203 34.507266 0.000000  0.000000 
743.505859 34.504345 0.000000  0.000000 
743.603516 34.501425 0.000000  0.000000 
743.701172 34.498505 0.000000  0.000000 
743.798828 34.495586 0.000000  0.000000 
743.896484 34.492667 0.000000  0.000000 
743.994141 34.489749 0.000000  0.000000 
744.091797 34.486832 0.000000  0.000000 
744.189453 34.483914 0.000000  0.000000 
744.287109 34.480998 0.000000  0.000000 
744.384766 34.478082 0.000000  0.000000 
744.482422 34.475166 0.000000  0.000000 
744.580078 34.472251 0.000000  0.000000 
744.677734 34.469337 0.000000  0.000000 
744.775391 34.466423 0.000000  0.000000 
744.873047 34.463509 0.000000  0.000000 
744.970703 34.460596 0.000000  0.000000 
745.068359 34.457684 0.000000  0.000000 
745.166016 34.454772 0.000000  0.000000 
745.263672 34.451860 0.000000  0.000000 
745.361328 34.448950 0.000000  0.000000 
745.458984 34.446039 0.000000  0.000000 
745.556641 34.443129 0.000000  0.000000 
745.654297 34.440220 0.000000  0.000000 
745.751953 34.437311 0.000000  0.000000 
745.849609 34.434403 0.000000  0.000000 
745.947266 34.431496 0.000000  0.000000 
746.044922 34.428588 0.000000  0.000000 
746.142578 34.425682 0.000000  0.000000 
746.240234 34.422776 0.000000  0.000000 
746.337891 34.419870 0.000000  0.000000 
746.435547 34.416965 0.000000  0.000000 
746.533203 34.414060 0.000000  0.000000 
746.630859 34.411156 0.000000  0.000000 
746.728516 34.408253 0.000000  0.000000 
746.826172 34.405350 0.000000  0.000000 
746.923828 34.402447 0.000000  0.000000 
747.021484 34.399545 0.000000  0.000000 
747.119141 34.396644 0.000000  0.000000 
747.216797 34.393743 0.000000  0.000000 
747.314453 34.390843 0.000000  0.000000 
747.412109 34.387943 0.000000  0.000000 
747.509766 34.385043 0.000000  0.000000 
747.607422 34.382145 0.000000  0.000000 
747.705078 34.379246 0.000000  0.000000 
747.802734 34.376348 0.000000  0.000000 
747.900391 34.373451 0.000000  0.000000 
747.998047 34.370554 0.000000  0.000000 
748.095703 34.367658 0.000000  0.000000 
748.193359 34.364762 0.000000  0.000000 
748.291016 34.361867 0.000000  0.000000 
748.388672 34.358973 0.000000  0.000000 
748.486328 34.356078 0.000000  0.000000 
748.583984 34.353185 0.000000  0.000000 
748.681641 34.350292 0.000000  0.000000 
748.779297 34.347399 0.000000  0.000000 
748.876953 34.344507 0.000000  0.000000 
748.974609 34.341616 0.000000  0.000000 
749.072266 34.338725 0.000000  0.000000 
749.169922 34.335834 0.000000  0.000000 
749.267578 34.332944 0.000000  0.000000 
749.365234 34.330055 0.000000  0.000000 
749.462891 34.327166 0.000000  0.000000 
749.560547 34.324277 0.000000  0.000000 
749.658203 34.321389 0.000000  0.000000 
749.755859 34.318502 0.000000  0.000000 
749.853516 34.315615 0.000000  0.000000 
749.951172 34.312729 0.000000  0.000000 
