freqs     stokes_i  stokes_q  stokes_u 
550.048828 22.541570 1.766966  -0.912504
550.146484 22.540140 1.768025  -0.910017
550.244141 22.538710 1.769080  -0.907531
550.341797 22.537281 1.770130  -0.905046
550.439453 22.535852 1.771175  -0.902561
550.537109 22.534423 1.772217  -0.900078
550.634766 22.532994 1.773253  -0.897596
550.732422 22.531565 1.774285  -0.895115
550.830078 22.530137 1.775313  -0.892635
550.927734 22.528709 1.776336  -0.890156
551.025391 22.527281 1.777354  -0.887678
551.123047 22.525853 1.778368  -0.885200
551.220703 22.524425 1.779378  -0.882724
551.318359 22.522998 1.780383  -0.880249
551.416016 22.521571 1.781384  -0.877775
551.513672 22.520145 1.782381  -0.875303
551.611328 22.518718 1.783373  -0.872831
551.708984 22.517292 1.784360  -0.870360
551.806641 22.515866 1.785343  -0.867890
551.904297 22.514440 1.786322  -0.865422
552.001953 22.513014 1.787296  -0.862954
552.099609 22.511589 1.788266  -0.860488
552.197266 22.510164 1.789232  -0.858023
552.294922 22.508739 1.790193  -0.855558
552.392578 22.507314 1.791150  -0.853095
552.490234 22.505890 1.792103  -0.850633
552.587891 22.504466 1.793051  -0.848173
552.685547 22.503042 1.793995  -0.845713
552.783203 22.501618 1.794935  -0.843254
552.880859 22.500195 1.795870  -0.840797
552.978516 22.498771 1.796801  -0.838341
553.076172 22.497348 1.797728  -0.835886
553.173828 22.495925 1.798650  -0.833432
553.271484 22.494503 1.799568  -0.830979
553.369141 22.493081 1.800482  -0.828527
553.466797 22.491658 1.801392  -0.826077
553.564453 22.490237 1.802297  -0.823628
553.662109 22.488815 1.803199  -0.821180
553.759766 22.487394 1.804096  -0.818733
553.857422 22.485972 1.804988  -0.816287
553.955078 22.484551 1.805877  -0.813843
554.052734 22.483131 1.806761  -0.811400
554.150391 22.481710 1.807641  -0.808958
554.248047 22.480290 1.808517  -0.806517
554.345703 22.478870 1.809389  -0.804077
554.443359 22.477450 1.810257  -0.801639
554.541016 22.476031 1.811120  -0.799202
554.638672 22.474611 1.811979  -0.796766
554.736328 22.473192 1.812834  -0.794332
554.833984 22.471773 1.813685  -0.791899
554.931641 22.470355 1.814532  -0.789467
555.029297 22.468936 1.815375  -0.787036
555.126953 22.467518 1.816214  -0.784606
555.224609 22.466100 1.817048  -0.782178
555.322266 22.464682 1.817879  -0.779751
555.419922 22.463265 1.818705  -0.777326
555.517578 22.461848 1.819527  -0.774902
555.615234 22.460431 1.820345  -0.772479
555.712891 22.459014 1.821160  -0.770057
555.810547 22.457597 1.821970  -0.767637
555.908203 22.456181 1.822776  -0.765217
556.005859 22.454765 1.823578  -0.762800
556.103516 22.453349 1.824376  -0.760383
556.201172 22.451933 1.825170  -0.757968
556.298828 22.450518 1.825960  -0.755555
556.396484 22.449103 1.826746  -0.753142
556.494141 22.447688 1.827528  -0.750731
556.591797 22.446273 1.828306  -0.748322
556.689453 22.444858 1.829080  -0.745913
556.787109 22.443444 1.829850  -0.743506
556.884766 22.442030 1.830616  -0.741101
556.982422 22.440616 1.831378  -0.738696
557.080078 22.439203 1.832136  -0.736294
557.177734 22.437789 1.832891  -0.733892
557.275391 22.436376 1.833641  -0.731492
557.373047 22.434963 1.834387  -0.729093
557.470703 22.433551 1.835130  -0.726696
557.568359 22.432138 1.835869  -0.724300
557.666016 22.430726 1.836603  -0.721906
557.763672 22.429314 1.837334  -0.719513
557.861328 22.427902 1.838061  -0.717121
557.958984 22.426491 1.838784  -0.714731
558.056641 22.425080 1.839504  -0.712342
558.154297 22.423668 1.840219  -0.709955
558.251953 22.422258 1.840931  -0.707569
558.349609 22.420847 1.841638  -0.705185
558.447266 22.419437 1.842342  -0.702802
558.544922 22.418027 1.843042  -0.700420
558.642578 22.416617 1.843739  -0.698040
558.740234 22.415207 1.844431  -0.695661
558.837891 22.413797 1.845120  -0.693284
558.935547 22.412388 1.845805  -0.690908
559.033203 22.410979 1.846486  -0.688534
559.130859 22.409570 1.847163  -0.686161
559.228516 22.408162 1.847837  -0.683790
559.326172 22.406754 1.848507  -0.681420
559.423828 22.405345 1.849173  -0.679052
559.521484 22.403938 1.849835  -0.676685
559.619141 22.402530 1.850494  -0.674319
559.716797 22.401122 1.851149  -0.671956
559.814453 22.399715 1.851800  -0.669593
559.912109 22.398308 1.852447  -0.667232
560.009766 22.396902 1.853091  -0.664873
560.107422 22.395495 1.853731  -0.662515
560.205078 22.394089 1.854368  -0.660159
560.302734 22.392683 1.855001  -0.657804
560.400391 22.391277 1.855630  -0.655451
560.498047 22.389871 1.856255  -0.653099
560.595703 22.388466 1.856877  -0.650749
560.693359 22.387061 1.857495  -0.648401
560.791016 22.385656 1.858110  -0.646053
560.888672 22.384251 1.858721  -0.643708
560.986328 22.382847 1.859328  -0.641364
561.083984 22.381443 1.859932  -0.639022
561.181641 22.380038 1.860532  -0.636681
561.279297 22.378635 1.861128  -0.634341
561.376953 22.377231 1.861721  -0.632004
561.474609 22.375828 1.862311  -0.629668
561.572266 22.374425 1.862896  -0.627333
561.669922 22.373022 1.863479  -0.625000
561.767578 22.371619 1.864057  -0.622669
561.865234 22.370217 1.864633  -0.620339
561.962891 22.368815 1.865204  -0.618011
562.060547 22.367413 1.865772  -0.615684
562.158203 22.366011 1.866337  -0.613359
562.255859 22.364609 1.866898  -0.611035
562.353516 22.363208 1.867455  -0.608714
562.451172 22.361807 1.868010  -0.606393
562.548828 22.360406 1.868560  -0.604075
562.646484 22.359005 1.869107  -0.601758
562.744141 22.357605 1.869651  -0.599442
562.841797 22.356205 1.870191  -0.597129
562.939453 22.354805 1.870728  -0.594817
563.037109 22.353405 1.871261  -0.592506
563.134766 22.352006 1.871791  -0.590197
563.232422 22.350606 1.872317  -0.587890
563.330078 22.349207 1.872840  -0.585584
563.427734 22.347809 1.873360  -0.583280
563.525391 22.346410 1.873876  -0.580978
563.623047 22.345012 1.874389  -0.578678
563.720703 22.343614 1.874898  -0.576379
563.818359 22.342216 1.875404  -0.574081
563.916016 22.340818 1.875907  -0.571786
564.013672 22.339420 1.876406  -0.569492
564.111328 22.338023 1.876902  -0.567199
564.208984 22.336626 1.877394  -0.564909
564.306641 22.335229 1.877884  -0.562620
564.404297 22.333833 1.878369  -0.560332
564.501953 22.332436 1.878852  -0.558047
564.599609 22.331040 1.879331  -0.555763
564.697266 22.329644 1.879807  -0.553480
564.794922 22.328249 1.880280  -0.551200
564.892578 22.326853 1.880749  -0.548921
564.990234 22.325458 1.881215  -0.546644
565.087891 22.324063 1.881678  -0.544368
565.185547 22.322668 1.882137  -0.542094
565.283203 22.321274 1.882593  -0.539822
565.380859 22.319879 1.883046  -0.537552
565.478516 22.318485 1.883496  -0.535283
565.576172 22.317091 1.883942  -0.533016
565.673828 22.315698 1.884385  -0.530751
565.771484 22.314304 1.884825  -0.528488
565.869141 22.312911 1.885262  -0.526226
565.966797 22.311518 1.885696  -0.523966
566.064453 22.310125 1.886126  -0.521707
566.162109 22.308733 1.886553  -0.519451
566.259766 22.307341 1.886977  -0.517196
566.357422 22.305949 1.887398  -0.514943
566.455078 22.304557 1.887815  -0.512691
566.552734 22.303165 1.888229  -0.510442
566.650391 22.301774 1.888641  -0.508194
566.748047 22.300382 1.889049  -0.505947
566.845703 22.298991 1.889454  -0.503703
566.943359 22.297601 1.889855  -0.501460
567.041016 22.296210 1.890254  -0.499219
567.138672 22.294820 1.890650  -0.496980
567.236328 22.293430 1.891042  -0.494743
567.333984 22.292040 1.891431  -0.492507
567.431641 22.290650 1.891818  -0.490273
567.529297 22.289261 1.892201  -0.488041
567.626953 22.287872 1.892581  -0.485811
567.724609 22.286483 1.892958  -0.483582
567.822266 22.285094 1.893331  -0.481355
567.919922 22.283705 1.893702  -0.479130
568.017578 22.282317 1.894070  -0.476907
568.115234 22.280929 1.894435  -0.474686
568.212891 22.279541 1.894796  -0.472466
568.310547 22.278154 1.895155  -0.470248
568.408203 22.276766 1.895511  -0.468032
568.505859 22.275379 1.895863  -0.465817
568.603516 22.273992 1.896213  -0.463605
568.701172 22.272605 1.896559  -0.461394
568.798828 22.271219 1.896903  -0.459185
568.896484 22.269832 1.897243  -0.456978
568.994141 22.268446 1.897581  -0.454773
569.091797 22.267060 1.897916  -0.452569
569.189453 22.265675 1.898247  -0.450368
569.287109 22.264289 1.898576  -0.448168
569.384766 22.262904 1.898902  -0.445970
569.482422 22.261519 1.899224  -0.443773
569.580078 22.260134 1.899544  -0.441579
569.677734 22.258750 1.899861  -0.439386
569.775391 22.257366 1.900175  -0.437195
569.873047 22.255982 1.900486  -0.435006
569.970703 22.254598 1.900794  -0.432819
570.068359 22.253214 1.901100  -0.430634
570.166016 22.251831 1.901402  -0.428450
570.263672 22.250447 1.901701  -0.426269
570.361328 22.249064 1.901998  -0.424089
570.458984 22.247682 1.902292  -0.421911
570.556641 22.246299 1.902583  -0.419735
570.654297 22.244917 1.902871  -0.417560
570.751953 22.243535 1.903156  -0.415388
570.849609 22.242153 1.903438  -0.413217
570.947266 22.240771 1.903717  -0.411048
571.044922 22.239390 1.903994  -0.408881
571.142578 22.238009 1.904268  -0.406716
571.240234 22.236628 1.904539  -0.404553
571.337891 22.235247 1.904807  -0.402391
571.435547 22.233866 1.905072  -0.400232
571.533203 22.232486 1.905335  -0.398074
571.630859 22.231106 1.905595  -0.395918
571.728516 22.229726 1.905852  -0.393764
571.826172 22.228346 1.906106  -0.391612
571.923828 22.226967 1.906357  -0.389462
572.021484 22.225587 1.906606  -0.387313
572.119141 22.224208 1.906852  -0.385167
572.216797 22.222830 1.907095  -0.383022
572.314453 22.221451 1.907335  -0.380879
572.412109 22.220073 1.907573  -0.378739
572.509766 22.218695 1.907808  -0.376599
572.607422 22.217317 1.908040  -0.374462
572.705078 22.215939 1.908270  -0.372327
572.802734 22.214561 1.908497  -0.370194
572.900391 22.213184 1.908721  -0.368062
572.998047 22.211807 1.908942  -0.365932
573.095703 22.210430 1.909161  -0.363805
573.193359 22.209054 1.909377  -0.361679
573.291016 22.207677 1.909591  -0.359555
573.388672 22.206301 1.909801  -0.357433
573.486328 22.204925 1.910010  -0.355312
573.583984 22.203550 1.910215  -0.353194
573.681641 22.202174 1.910418  -0.351078
573.779297 22.200799 1.910618  -0.348963
573.876953 22.199424 1.910816  -0.346850
573.974609 22.198049 1.911010  -0.344740
574.072266 22.196674 1.911203  -0.342631
574.169922 22.195300 1.911392  -0.340524
574.267578 22.193926 1.911580  -0.338419
574.365234 22.192552 1.911764  -0.336316
574.462891 22.191178 1.911946  -0.334214
574.560547 22.189804 1.912125  -0.332115
574.658203 22.188431 1.912302  -0.330018
574.755859 22.187058 1.912476  -0.327922
574.853516 22.185685 1.912648  -0.325829
574.951172 22.184312 1.912817  -0.323737
575.048828 22.182940 1.912983  -0.321647
575.146484 22.181568 1.913147  -0.319559
575.244141 22.180196 1.913309  -0.317473
575.341797 22.178824 1.913468  -0.315389
575.439453 22.177452 1.913624  -0.313307
575.537109 22.176081 1.913778  -0.311227
575.634766 22.174710 1.913929  -0.309149
575.732422 22.173339 1.914078  -0.307072
575.830078 22.171968 1.914224  -0.304998
575.927734 22.170598 1.914368  -0.302925
576.025391 22.169227 1.914510  -0.300855
576.123047 22.167857 1.914649  -0.298786
576.220703 22.166487 1.914785  -0.296719
576.318359 22.165118 1.914919  -0.294654
576.416016 22.163748 1.915050  -0.292592
576.513672 22.162379 1.915180  -0.290531
576.611328 22.161010 1.915306  -0.288472
576.708984 22.159642 1.915430  -0.286414
576.806641 22.158273 1.915552  -0.284359
576.904297 22.156905 1.915671  -0.282306
577.001953 22.155537 1.915788  -0.280255
577.099609 22.154169 1.915903  -0.278205
577.197266 22.152801 1.916015  -0.276158
577.294922 22.151434 1.916125  -0.274113
577.392578 22.150066 1.916232  -0.272069
577.490234 22.148699 1.916337  -0.270027
577.587891 22.147333 1.916439  -0.267988
577.685547 22.145966 1.916540  -0.265950
577.783203 22.144600 1.916637  -0.263914
577.880859 22.143233 1.916733  -0.261880
577.978516 22.141868 1.916826  -0.259849
578.076172 22.140502 1.916917  -0.257819
578.173828 22.139136 1.917005  -0.255791
578.271484 22.137771 1.917091  -0.253765
578.369141 22.136406 1.917175  -0.251741
578.466797 22.135041 1.917256  -0.249718
578.564453 22.133677 1.917336  -0.247698
578.662109 22.132312 1.917412  -0.245680
578.759766 22.130948 1.917487  -0.243664
578.857422 22.129584 1.917559  -0.241649
578.955078 22.128220 1.917629  -0.239637
579.052734 22.126857 1.917697  -0.237627
579.150391 22.125493 1.917762  -0.235618
579.248047 22.124130 1.917825  -0.233612
579.345703 22.122767 1.917886  -0.231607
579.443359 22.121405 1.917944  -0.229604
579.541016 22.120042 1.918001  -0.227604
579.638672 22.118680 1.918055  -0.225605
579.736328 22.117318 1.918107  -0.223608
579.833984 22.115956 1.918156  -0.221614
579.931641 22.114594 1.918204  -0.219621
580.029297 22.113233 1.918249  -0.217630
580.126953 22.111872 1.918292  -0.215641
580.224609 22.110511 1.918332  -0.213654
580.322266 22.109150 1.918371  -0.211669
580.419922 22.107789 1.918407  -0.209686
580.517578 22.106429 1.918441  -0.207705
580.615234 22.105069 1.918473  -0.205726
580.712891 22.103709 1.918503  -0.203749
580.810547 22.102349 1.918531  -0.201774
580.908203 22.100990 1.918556  -0.199801
581.005859 22.099631 1.918579  -0.197830
581.103516 22.098272 1.918601  -0.195861
581.201172 22.096913 1.918620  -0.193893
581.298828 22.095554 1.918636  -0.191928
581.396484 22.094196 1.918651  -0.189965
581.494141 22.092838 1.918664  -0.188003
581.591797 22.091480 1.918674  -0.186044
581.689453 22.090122 1.918682  -0.184087
581.787109 22.088764 1.918689  -0.182131
581.884766 22.087407 1.918693  -0.180178
581.982422 22.086050 1.918695  -0.178226
582.080078 22.084693 1.918695  -0.176277
582.177734 22.083336 1.918692  -0.174329
582.275391 22.081980 1.918688  -0.172384
582.373047 22.080624 1.918682  -0.170440
582.470703 22.079268 1.918673  -0.168498
582.568359 22.077912 1.918663  -0.166559
582.666016 22.076556 1.918650  -0.164621
582.763672 22.075201 1.918636  -0.162685
582.861328 22.073846 1.918619  -0.160752
582.958984 22.072491 1.918601  -0.158820
583.056641 22.071136 1.918580  -0.156890
583.154297 22.069781 1.918557  -0.154962
583.251953 22.068427 1.918532  -0.153037
583.349609 22.067073 1.918506  -0.151113
583.447266 22.065719 1.918477  -0.149191
583.544922 22.064365 1.918446  -0.147271
583.642578 22.063012 1.918413  -0.145353
583.740234 22.061658 1.918378  -0.143437
583.837891 22.060305 1.918342  -0.141523
583.935547 22.058953 1.918303  -0.139611
584.033203 22.057600 1.918262  -0.137701
584.130859 22.056248 1.918219  -0.135793
584.228516 22.054895 1.918175  -0.133887
584.326172 22.053543 1.918128  -0.131983
584.423828 22.052192 1.918080  -0.130081
584.521484 22.050840 1.918029  -0.128181
584.619141 22.049489 1.917977  -0.126283
584.716797 22.048137 1.917922  -0.124387
584.814453 22.046787 1.917866  -0.122493
584.912109 22.045436 1.917808  -0.120600
585.009766 22.044085 1.917747  -0.118710
585.107422 22.042735 1.917685  -0.116822
585.205078 22.041385 1.917621  -0.114936
585.302734 22.040035 1.917555  -0.113052
585.400391 22.038685 1.917487  -0.111169
585.498047 22.037336 1.917418  -0.109289
585.595703 22.035987 1.917346  -0.107411
585.693359 22.034638 1.917273  -0.105534
585.791016 22.033289 1.917197  -0.103660
585.888672 22.031940 1.917120  -0.101788
585.986328 22.030592 1.917041  -0.099917
586.083984 22.029244 1.916960  -0.098049
586.181641 22.027896 1.916877  -0.096183
586.279297 22.026548 1.916793  -0.094318
586.376953 22.025201 1.916706  -0.092456
586.474609 22.023853 1.916618  -0.090595
586.572266 22.022506 1.916528  -0.088737
586.669922 22.021159 1.916436  -0.086880
586.767578 22.019813 1.916342  -0.085026
586.865234 22.018466 1.916246  -0.083173
586.962891 22.017120 1.916149  -0.081323
587.060547 22.015774 1.916050  -0.079474
587.158203 22.014428 1.915949  -0.077627
587.255859 22.013082 1.915846  -0.075783
587.353516 22.011737 1.915741  -0.073940
587.451172 22.010392 1.915635  -0.072099
587.548828 22.009047 1.915527  -0.070261
587.646484 22.007702 1.915417  -0.068424
587.744141 22.006357 1.915305  -0.066589
587.841797 22.005013 1.915192  -0.064757
587.939453 22.003669 1.915076  -0.062926
588.037109 22.002325 1.914959  -0.061097
588.134766 22.000981 1.914841  -0.059270
588.232422 21.999637 1.914720  -0.057445
588.330078 21.998294 1.914598  -0.055623
588.427734 21.996951 1.914474  -0.053802
588.525391 21.995608 1.914349  -0.051983
588.623047 21.994265 1.914221  -0.050166
588.720703 21.992923 1.914092  -0.048351
588.818359 21.991581 1.913961  -0.046538
588.916016 21.990239 1.913829  -0.044727
589.013672 21.988897 1.913695  -0.042918
589.111328 21.987555 1.913559  -0.041111
589.208984 21.986214 1.913421  -0.039306
589.306641 21.984872 1.913282  -0.037503
589.404297 21.983531 1.913141  -0.035702
589.501953 21.982191 1.912999  -0.033903
589.599609 21.980850 1.912854  -0.032106
589.697266 21.979510 1.912708  -0.030311
589.794922 21.978170 1.912561  -0.028517
589.892578 21.976830 1.912412  -0.026726
589.990234 21.975490 1.912261  -0.024937
590.087891 21.974150 1.912108  -0.023150
590.185547 21.972811 1.911954  -0.021364
590.283203 21.971472 1.911798  -0.019581
590.380859 21.970133 1.911641  -0.017800
590.478516 21.968794 1.911482  -0.016020
590.576172 21.967456 1.911321  -0.014243
590.673828 21.966117 1.911159  -0.012468
590.771484 21.964779 1.910995  -0.010694
590.869141 21.963441 1.910830  -0.008923
590.966797 21.962104 1.910663  -0.007153
591.064453 21.960766 1.910494  -0.005386
591.162109 21.959429 1.910324  -0.003620
591.259766 21.958092 1.910152  -0.001856
591.357422 21.956755 1.909979  -0.000095
591.455078 21.955419 1.909804  0.001665 
591.552734 21.954082 1.909627  0.003423 
591.650391 21.952746 1.909449  0.005178 
591.748047 21.951410 1.909270  0.006932 
591.845703 21.950074 1.909089  0.008684 
591.943359 21.948739 1.908906  0.010434 
592.041016 21.947403 1.908722  0.012181 
592.138672 21.946068 1.908536  0.013927 
592.236328 21.944733 1.908349  0.015671 
592.333984 21.943398 1.908160  0.017413 
592.431641 21.942064 1.907969  0.019153 
592.529297 21.940730 1.907777  0.020891 
592.626953 21.939395 1.907584  0.022627 
592.724609 21.938062 1.907389  0.024361 
592.822266 21.936728 1.907193  0.026093 
592.919922 21.935394 1.906995  0.027824 
593.017578 21.934061 1.906796  0.029552 
593.115234 21.932728 1.906595  0.031278 
593.212891 21.931395 1.906392  0.033002 
593.310547 21.930062 1.906189  0.034725 
593.408203 21.928730 1.905983  0.036445 
593.505859 21.927398 1.905777  0.038163 
593.603516 21.926066 1.905568  0.039880 
593.701172 21.924734 1.905359  0.041594 
593.798828 21.923402 1.905148  0.043307 
593.896484 21.922071 1.904935  0.045017 
593.994141 21.920740 1.904721  0.046726 
594.091797 21.919409 1.904505  0.048433 
594.189453 21.918078 1.904289  0.050138 
594.287109 21.916747 1.904070  0.051840 
594.384766 21.915417 1.903851  0.053541 
594.482422 21.914087 1.903629  0.055240 
594.580078 21.912757 1.903407  0.056937 
594.677734 21.911427 1.903183  0.058632 
594.775391 21.910097 1.902957  0.060325 
594.873047 21.908768 1.902731  0.062016 
594.970703 21.907439 1.902502  0.063705 
595.068359 21.906110 1.902273  0.065392 
595.166016 21.904781 1.902042  0.067077 
595.263672 21.903453 1.901810  0.068761 
595.361328 21.902124 1.901576  0.070442 
595.458984 21.900796 1.901341  0.072121 
595.556641 21.899468 1.901104  0.073799 
595.654297 21.898141 1.900866  0.075474 
595.751953 21.896813 1.900627  0.077148 
595.849609 21.895486 1.900387  0.078819 
595.947266 21.894159 1.900145  0.080489 
596.044922 21.892832 1.899902  0.082157 
596.142578 21.891505 1.899657  0.083822 
596.240234 21.890179 1.899411  0.085486 
596.337891 21.888853 1.899164  0.087148 
596.435547 21.887526 1.898915  0.088808 
596.533203 21.886201 1.898665  0.090466 
596.630859 21.884875 1.898414  0.092122 
596.728516 21.883550 1.898162  0.093776 
596.826172 21.882224 1.897908  0.095428 
596.923828 21.880899 1.897653  0.097079 
597.021484 21.879574 1.897396  0.098727 
597.119141 21.878250 1.897138  0.100373 
597.216797 21.876925 1.896879  0.102018 
597.314453 21.875601 1.896619  0.103660 
597.412109 21.874277 1.896357  0.105301 
597.509766 21.872953 1.896095  0.106940 
597.607422 21.871630 1.895830  0.108576 
597.705078 21.870307 1.895565  0.110211 
597.802734 21.868983 1.895298  0.111844 
597.900391 21.867660 1.895030  0.113475 
597.998047 21.866338 1.894761  0.115104 
598.095703 21.865015 1.894491  0.116731 
598.193359 21.863693 1.894219  0.118356 
598.291016 21.862371 1.893946  0.119980 
598.388672 21.861049 1.893672  0.121601 
598.486328 21.859727 1.893396  0.123220 
598.583984 21.858405 1.893120  0.124838 
598.681641 21.857084 1.892842  0.126453 
598.779297 21.855763 1.892563  0.128067 
598.876953 21.854442 1.892282  0.129679 
598.974609 21.853121 1.892001  0.131289 
599.072266 21.851801 1.891718  0.132897 
599.169922 21.850480 1.891434  0.134503 
599.267578 21.849160 1.891149  0.136107 
599.365234 21.847840 1.890863  0.137709 
599.462891 21.846521 1.890575  0.139309 
599.560547 21.845201 1.890286  0.140907 
599.658203 21.843882 1.889996  0.142504 
599.755859 21.842563 1.889705  0.144098 
599.853516 21.841244 1.889413  0.145691 
599.951172 21.839925 1.889120  0.147282 
600.048828 21.838607 1.888825  0.148870 
600.146484 21.837289 1.888529  0.150457 
600.244141 21.835970 1.888232  0.152042 
600.341797 21.834653 1.887934  0.153625 
600.439453 21.833335 1.887635  0.155206 
600.537109 21.832018 1.887335  0.156786 
600.634766 21.830700 1.887033  0.158363 
600.732422 21.829383 1.886730  0.159939 
600.830078 21.828066 1.886427  0.161512 
600.927734 21.826750 1.886122  0.163084 
601.025391 21.825433 1.885816  0.164654 
601.123047 21.824117 1.885508  0.166221 
601.220703 21.822801 1.885200  0.167787 
601.318359 21.821485 1.884891  0.169352 
601.416016 21.820170 1.884580  0.170914 
601.513672 21.818854 1.884269  0.172474 
601.611328 21.817539 1.883956  0.174032 
601.708984 21.816224 1.883642  0.175589 
601.806641 21.814909 1.883327  0.177144 
601.904297 21.813595 1.883011  0.178696 
602.001953 21.812280 1.882694  0.180247 
602.099609 21.810966 1.882376  0.181796 
602.197266 21.809652 1.882057  0.183343 
602.294922 21.808338 1.881736  0.184888 
602.392578 21.807025 1.881415  0.186432 
602.490234 21.805711 1.881092  0.187973 
602.587891 21.804398 1.880769  0.189513 
602.685547 21.803085 1.880444  0.191050 
602.783203 21.801772 1.880119  0.192586 
602.880859 21.800460 1.879792  0.194120 
602.978516 21.799147 1.879464  0.195652 
603.076172 21.797835 1.879135  0.197182 
603.173828 21.796523 1.878806  0.198710 
603.271484 21.795211 1.878475  0.200237 
603.369141 21.793900 1.878143  0.201761 
603.466797 21.792588 1.877810  0.203284 
603.564453 21.791277 1.877476  0.204805 
603.662109 21.789966 1.877141  0.206324 
603.759766 21.788655 1.876805  0.207841 
603.857422 21.787345 1.876468  0.209356 
603.955078 21.786035 1.876130  0.210869 
604.052734 21.784724 1.875791  0.212381 
604.150391 21.783414 1.875451  0.213890 
604.248047 21.782105 1.875110  0.215398 
604.345703 21.780795 1.874768  0.216904 
604.443359 21.779486 1.874425  0.218408 
604.541016 21.778177 1.874081  0.219910 
604.638672 21.776868 1.873736  0.221411 
604.736328 21.775559 1.873391  0.222909 
604.833984 21.774250 1.873044  0.224406 
604.931641 21.772942 1.872696  0.225900 
605.029297 21.771634 1.872347  0.227393 
605.126953 21.770326 1.871997  0.228884 
605.224609 21.769018 1.871647  0.230373 
605.322266 21.767711 1.871295  0.231861 
605.419922 21.766403 1.870942  0.233346 
605.517578 21.765096 1.870589  0.234830 
605.615234 21.763789 1.870234  0.236312 
605.712891 21.762482 1.869879  0.237791 
605.810547 21.761176 1.869522  0.239270 
605.908203 21.759870 1.869165  0.240746 
606.005859 21.758563 1.868807  0.242220 
606.103516 21.757258 1.868447  0.243693 
606.201172 21.755952 1.868087  0.245163 
606.298828 21.754646 1.867726  0.246632 
606.396484 21.753341 1.867364  0.248099 
606.494141 21.752036 1.867001  0.249565 
606.591797 21.750731 1.866638  0.251028 
606.689453 21.749426 1.866273  0.252490 
606.787109 21.748122 1.865907  0.253949 
606.884766 21.746817 1.865541  0.255407 
606.982422 21.745513 1.865174  0.256863 
607.080078 21.744209 1.864805  0.258317 
607.177734 21.742905 1.864436  0.259770 
607.275391 21.741602 1.864066  0.261220 
607.373047 21.740299 1.863695  0.262669 
607.470703 21.738995 1.863324  0.264116 
607.568359 21.737693 1.862951  0.265561 
607.666016 21.736390 1.862577  0.267004 
607.763672 21.735087 1.862203  0.268446 
607.861328 21.733785 1.861828  0.269885 
607.958984 21.732483 1.861452  0.271323 
608.056641 21.731181 1.861075  0.272759 
608.154297 21.729879 1.860697  0.274193 
608.251953 21.728578 1.860318  0.275626 
608.349609 21.727276 1.859939  0.277056 
608.447266 21.725975 1.859558  0.278485 
608.544922 21.724674 1.859177  0.279912 
608.642578 21.723373 1.858795  0.281337 
608.740234 21.722073 1.858412  0.282761 
608.837891 21.720773 1.858029  0.284182 
608.935547 21.719472 1.857644  0.285602 
609.033203 21.718173 1.857259  0.287020 
609.130859 21.716873 1.856873  0.288436 
609.228516 21.715573 1.856486  0.289850 
609.326172 21.714274 1.856098  0.291263 
609.423828 21.712975 1.855710  0.292673 
609.521484 21.711676 1.855320  0.294082 
609.619141 21.710377 1.854930  0.295489 
609.716797 21.709079 1.854539  0.296895 
609.814453 21.707780 1.854147  0.298298 
609.912109 21.706482 1.853755  0.299700 
610.009766 21.705184 1.853362  0.301100 
610.107422 21.703886 1.852968  0.302498 
610.205078 21.702589 1.852573  0.303894 
610.302734 21.701291 1.852177  0.305289 
610.400391 21.699994 1.851781  0.306682 
610.498047 21.698697 1.851383  0.308073 
610.595703 21.697401 1.850985  0.309462 
610.693359 21.696104 1.850587  0.310849 
610.791016 21.694808 1.850187  0.312235 
610.888672 21.693511 1.849787  0.313619 
610.986328 21.692215 1.849386  0.315001 
611.083984 21.690920 1.848984  0.316381 
611.181641 21.689624 1.848582  0.317760 
611.279297 21.688329 1.848178  0.319137 
611.376953 21.687034 1.847774  0.320512 
611.474609 21.685739 1.847370  0.321885 
611.572266 21.684444 1.846964  0.323256 
611.669922 21.683149 1.846558  0.324626 
611.767578 21.681855 1.846151  0.325994 
611.865234 21.680561 1.845744  0.327360 
611.962891 21.679267 1.845335  0.328725 
612.060547 21.677973 1.844926  0.330087 
612.158203 21.676679 1.844516  0.331448 
612.255859 21.675386 1.844106  0.332807 
612.353516 21.674093 1.843695  0.334165 
612.451172 21.672800 1.843283  0.335520 
612.548828 21.671507 1.842870  0.336874 
612.646484 21.670214 1.842457  0.338226 
612.744141 21.668922 1.842043  0.339577 
612.841797 21.667630 1.841628  0.340925 
612.939453 21.666338 1.841213  0.342272 
613.037109 21.665046 1.840797  0.343617 
613.134766 21.663754 1.840380  0.344960 
613.232422 21.662463 1.839962  0.346302 
613.330078 21.661171 1.839544  0.347642 
613.427734 21.659880 1.839125  0.348980 
613.525391 21.658590 1.838706  0.350316 
613.623047 21.657299 1.838286  0.351651 
613.720703 21.656008 1.837865  0.352984 
613.818359 21.654718 1.837444  0.354315 
613.916016 21.653428 1.837021  0.355644 
614.013672 21.652138 1.836599  0.356972 
614.111328 21.650849 1.836175  0.358298 
614.208984 21.649559 1.835751  0.359622 
614.306641 21.648270 1.835326  0.360945 
614.404297 21.646981 1.834901  0.362265 
614.501953 21.645692 1.834475  0.363584 
614.599609 21.644403 1.834048  0.364902 
614.697266 21.643115 1.833621  0.366217 
614.794922 21.641827 1.833193  0.367531 
614.892578 21.640538 1.832764  0.368843 
614.990234 21.639251 1.832335  0.370154 
615.087891 21.637963 1.831905  0.371462 
615.185547 21.636675 1.831475  0.372769 
615.283203 21.635388 1.831044  0.374075 
615.380859 21.634101 1.830612  0.375378 
615.478516 21.632814 1.830180  0.376680 
615.576172 21.631527 1.829747  0.377980 
615.673828 21.630241 1.829314  0.379278 
615.771484 21.628954 1.828880  0.380575 
615.869141 21.627668 1.828445  0.381870 
615.966797 21.626382 1.828010  0.383163 
616.064453 21.625097 1.827574  0.384455 
616.162109 21.623811 1.827137  0.385745 
616.259766 21.622526 1.826700  0.387033 
616.357422 21.621241 1.826262  0.388319 
616.455078 21.619956 1.825824  0.389604 
616.552734 21.618671 1.825385  0.390887 
616.650391 21.617386 1.824946  0.392168 
616.748047 21.616102 1.824506  0.393448 
616.845703 21.614818 1.824066  0.394726 
616.943359 21.613534 1.823624  0.396002 
617.041016 21.612250 1.823183  0.397277 
617.138672 21.610966 1.822740  0.398550 
617.236328 21.609683 1.822298  0.399821 
617.333984 21.608400 1.821854  0.401091 
617.431641 21.607117 1.821410  0.402358 
617.529297 21.605834 1.820966  0.403624 
617.626953 21.604551 1.820521  0.404889 
617.724609 21.603269 1.820075  0.406152 
617.822266 21.601987 1.819629  0.407413 
617.919922 21.600705 1.819183  0.408672 
618.017578 21.599423 1.818735  0.409930 
618.115234 21.598141 1.818288  0.411186 
618.212891 21.596860 1.817839  0.412440 
618.310547 21.595578 1.817391  0.413693 
618.408203 21.594297 1.816941  0.414944 
618.505859 21.593016 1.816491  0.416194 
618.603516 21.591736 1.816041  0.417441 
618.701172 21.590455 1.815590  0.418687 
618.798828 21.589175 1.815139  0.419932 
618.896484 21.587895 1.814687  0.421174 
618.994141 21.586615 1.814234  0.422416 
619.091797 21.585335 1.813781  0.423655 
619.189453 21.584056 1.813328  0.424893 
619.287109 21.582776 1.812874  0.426129 
619.384766 21.581497 1.812420  0.427363 
619.482422 21.580218 1.811965  0.428596 
619.580078 21.578940 1.811509  0.429827 
619.677734 21.577661 1.811053  0.431057 
619.775391 21.576383 1.810597  0.432284 
619.873047 21.575105 1.810140  0.433510 
619.970703 21.573827 1.809682  0.434735 
620.068359 21.572549 1.809225  0.435958 
620.166016 21.571271 1.808766  0.437179 
620.263672 21.569994 1.808307  0.438399 
620.361328 21.568717 1.807848  0.439617 
620.458984 21.567440 1.807388  0.440833 
620.556641 21.566163 1.806928  0.442048 
620.654297 21.564886 1.806467  0.443261 
620.751953 21.563610 1.806006  0.444472 
620.849609 21.562334 1.805544  0.445682 
620.947266 21.561058 1.805082  0.446890 
621.044922 21.559782 1.804620  0.448096 
621.142578 21.558506 1.804157  0.449301 
621.240234 21.557231 1.803693  0.450504 
621.337891 21.555955 1.803229  0.451706 
621.435547 21.554680 1.802765  0.452906 
621.533203 21.553405 1.802300  0.454104 
621.630859 21.552131 1.801835  0.455301 
621.728516 21.550856 1.801369  0.456496 
621.826172 21.549582 1.800903  0.457690 
621.923828 21.548308 1.800436  0.458882 
622.021484 21.547034 1.799969  0.460072 
622.119141 21.545760 1.799502  0.461261 
622.216797 21.544487 1.799034  0.462448 
622.314453 21.543213 1.798566  0.463633 
622.412109 21.541940 1.798097  0.464817 
622.509766 21.540667 1.797628  0.465999 
622.607422 21.539395 1.797158  0.467180 
622.705078 21.538122 1.796688  0.468359 
622.802734 21.536850 1.796218  0.469536 
622.900391 21.535577 1.795747  0.470712 
622.998047 21.534305 1.795276  0.471886 
623.095703 21.533034 1.794804  0.473059 
623.193359 21.531762 1.794332  0.474230 
623.291016 21.530491 1.793860  0.475399 
623.388672 21.529219 1.793387  0.476567 
623.486328 21.527948 1.792914  0.477733 
623.583984 21.526677 1.792440  0.478898 
623.681641 21.525407 1.791966  0.480061 
623.779297 21.524136 1.791492  0.481222 
623.876953 21.522866 1.791017  0.482382 
623.974609 21.521596 1.790542  0.483540 
624.072266 21.520326 1.790066  0.484697 
624.169922 21.519056 1.789590  0.485852 
624.267578 21.517787 1.789114  0.487005 
624.365234 21.516518 1.788637  0.488157 
624.462891 21.515249 1.788160  0.489308 
624.560547 21.513980 1.787683  0.490456 
624.658203 21.512711 1.787205  0.491604 
624.755859 21.511442 1.786727  0.492749 
624.853516 21.510174 1.786249  0.493893 
624.951172 21.508906 1.785770  0.495036 
625.048828 21.507638 1.785290  0.496177 
625.146484 21.506370 1.784811  0.497316 
625.244141 21.505102 1.784331  0.498454 
625.341797 21.503835 1.783851  0.499590 
625.439453 21.502568 1.783370  0.500725 
625.537109 21.501301 1.782889  0.501858 
625.634766 21.500034 1.782408  0.502989 
625.732422 21.498767 1.781926  0.504119 
625.830078 21.497501 1.781444  0.505248 
625.927734 21.496235 1.780961  0.506375 
626.025391 21.494969 1.780479  0.507500 
626.123047 21.493703 1.779996  0.508624 
626.220703 21.492437 1.779512  0.509746 
626.318359 21.491171 1.779029  0.510867 
626.416016 21.489906 1.778545  0.511986 
626.513672 21.488641 1.778060  0.513103 
626.611328 21.487376 1.777576  0.514219 
626.708984 21.486111 1.777091  0.515334 
626.806641 21.484847 1.776605  0.516447 
626.904297 21.483582 1.776120  0.517558 
627.001953 21.482318 1.775634  0.518668 
627.099609 21.481054 1.775147  0.519776 
627.197266 21.479791 1.774661  0.520883 
627.294922 21.478527 1.774174  0.521988 
627.392578 21.477264 1.773687  0.523092 
627.490234 21.476000 1.773199  0.524194 
627.587891 21.474737 1.772711  0.525295 
627.685547 21.473474 1.772223  0.526394 
627.783203 21.472212 1.771735  0.527491 
627.880859 21.470949 1.771246  0.528588 
627.978516 21.469687 1.770757  0.529682 
628.076172 21.468425 1.770268  0.530775 
628.173828 21.467163 1.769778  0.531867 
628.271484 21.465901 1.769289  0.532957 
628.369141 21.464640 1.768798  0.534045 
628.466797 21.463379 1.768308  0.535132 
628.564453 21.462117 1.767817  0.536217 
628.662109 21.460856 1.767326  0.537301 
628.759766 21.459596 1.766835  0.538384 
628.857422 21.458335 1.766344  0.539465 
628.955078 21.457075 1.765852  0.540544 
629.052734 21.455815 1.765360  0.541622 
629.150391 21.454555 1.764867  0.542698 
629.248047 21.453295 1.764375  0.543773 
629.345703 21.452035 1.763882  0.544847 
629.443359 21.450776 1.763389  0.545919 
629.541016 21.449516 1.762895  0.546989 
629.638672 21.448257 1.762402  0.548058 
629.736328 21.446999 1.761908  0.549125 
629.833984 21.445740 1.761414  0.550191 
629.931641 21.444481 1.760919  0.551256 
630.029297 21.443223 1.760424  0.552318 
630.126953 21.441965 1.759929  0.553380 
630.224609 21.440707 1.759434  0.554440 
630.322266 21.439449 1.758939  0.555498 
630.419922 21.438192 1.758443  0.556555 
630.517578 21.436934 1.757947  0.557611 
630.615234 21.435677 1.757451  0.558665 
630.712891 21.434420 1.756955  0.559717 
630.810547 21.433163 1.756458  0.560768 
630.908203 21.431907 1.755961  0.561818 
631.005859 21.430650 1.755464  0.562866 
631.103516 21.429394 1.754967  0.563913 
631.201172 21.428138 1.754469  0.564958 
631.298828 21.426882 1.753972  0.566001 
631.396484 21.425627 1.753474  0.567044 
631.494141 21.424371 1.752975  0.568084 
631.591797 21.423116 1.752477  0.569124 
631.689453 21.421861 1.751978  0.570161 
631.787109 21.420606 1.751480  0.571198 
631.884766 21.419351 1.750980  0.572233 
631.982422 21.418097 1.750481  0.573266 
632.080078 21.416842 1.749982  0.574298 
632.177734 21.415588 1.749482  0.575328 
632.275391 21.414334 1.748982  0.576358 
632.373047 21.413080 1.748482  0.577385 
632.470703 21.411827 1.747982  0.578411 
632.568359 21.410573 1.747481  0.579436 
632.666016 21.409320 1.746980  0.580459 
632.763672 21.408067 1.746480  0.581481 
632.861328 21.406814 1.745978  0.582501 
632.958984 21.405561 1.745477  0.583520 
633.056641 21.404309 1.744976  0.584538 
633.154297 21.403057 1.744474  0.585554 
633.251953 21.401804 1.743972  0.586568 
633.349609 21.400553 1.743470  0.587581 
633.447266 21.399301 1.742968  0.588593 
633.544922 21.398049 1.742465  0.589603 
633.642578 21.396798 1.741963  0.590612 
633.740234 21.395547 1.741460  0.591620 
633.837891 21.394296 1.740957  0.592625 
633.935547 21.393045 1.740454  0.593630 
634.033203 21.391794 1.739950  0.594633 
634.130859 21.390544 1.739447  0.595635 
634.228516 21.389294 1.738943  0.596635 
634.326172 21.388044 1.738439  0.597634 
634.423828 21.386794 1.737935  0.598631 
634.521484 21.385544 1.737431  0.599627 
634.619141 21.384295 1.736927  0.600622 
634.716797 21.383045 1.736423  0.601615 
634.814453 21.381796 1.735918  0.602607 
634.912109 21.380547 1.735413  0.603597 
635.009766 21.379298 1.734908  0.604586 
635.107422 21.378050 1.734403  0.605573 
635.205078 21.376801 1.733898  0.606559 
635.302734 21.375553 1.733392  0.607544 
635.400391 21.374305 1.732887  0.608527 
635.498047 21.373057 1.732381  0.609509 
635.595703 21.371810 1.731875  0.610490 
635.693359 21.370562 1.731369  0.611469 
635.791016 21.369315 1.730863  0.612446 
635.888672 21.368068 1.730357  0.613423 
635.986328 21.366821 1.729850  0.614398 
636.083984 21.365574 1.729344  0.615371 
636.181641 21.364328 1.728837  0.616343 
636.279297 21.363081 1.728330  0.617314 
636.376953 21.361835 1.727823  0.618283 
636.474609 21.360589 1.727316  0.619251 
636.572266 21.359344 1.726809  0.620218 
636.669922 21.358098 1.726301  0.621183 
636.767578 21.356853 1.725794  0.622146 
636.865234 21.355607 1.725286  0.623109 
636.962891 21.354362 1.724779  0.624070 
637.060547 21.353117 1.724271  0.625029 
637.158203 21.351873 1.723763  0.625987 
637.255859 21.350628 1.723255  0.626944 
637.353516 21.349384 1.722747  0.627900 
637.451172 21.348140 1.722238  0.628854 
637.548828 21.346896 1.721730  0.629807 
637.646484 21.345652 1.721221  0.630758 
637.744141 21.344409 1.720713  0.631708 
637.841797 21.343165 1.720204  0.632656 
637.939453 21.341922 1.719695  0.633604 
638.037109 21.340679 1.719186  0.634550 
638.134766 21.339436 1.718677  0.635494 
638.232422 21.338194 1.718168  0.636437 
638.330078 21.336951 1.717658  0.637379 
638.427734 21.335709 1.717149  0.638319 
638.525391 21.334467 1.716639  0.639258 
638.623047 21.333225 1.716130  0.640196 
638.720703 21.331983 1.715620  0.641133 
638.818359 21.330742 1.715110  0.642068 
638.916016 21.329500 1.714601  0.643001 
639.013672 21.328259 1.714091  0.643933 
639.111328 21.327018 1.713581  0.644864 
639.208984 21.325777 1.713070  0.645794 
639.306641 21.324537 1.712560  0.646722 
639.404297 21.323296 1.712050  0.647649 
639.501953 21.322056 1.711540  0.648575 
639.599609 21.320816 1.711029  0.649499 
639.697266 21.319576 1.710519  0.650422 
639.794922 21.318336 1.710008  0.651343 
639.892578 21.317097 1.709497  0.652264 
639.990234 21.315857 1.708986  0.653182 
640.087891 21.314618 1.708476  0.654100 
640.185547 21.313379 1.707965  0.655016 
640.283203 21.312141 1.707454  0.655931 
640.380859 21.310902 1.706943  0.656845 
640.478516 21.309664 1.706432  0.657757 
640.576172 21.308425 1.705920  0.658668 
640.673828 21.307187 1.705409  0.659577 
640.771484 21.305949 1.704898  0.660486 
640.869141 21.304712 1.704386  0.661392 
640.966797 21.303474 1.703875  0.662298 
641.064453 21.302237 1.703364  0.663202 
641.162109 21.301000 1.702852  0.664105 
641.259766 21.299763 1.702340  0.665007 
641.357422 21.298526 1.701829  0.665907 
641.455078 21.297290 1.701317  0.666806 
641.552734 21.296053 1.700805  0.667704 
641.650391 21.294817 1.700293  0.668600 
641.748047 21.293581 1.699782  0.669496 
641.845703 21.292345 1.699270  0.670389 
641.943359 21.291109 1.698758  0.671282 
642.041016 21.289874 1.698246  0.672173 
642.138672 21.288639 1.697734  0.673063 
642.236328 21.287403 1.697222  0.673951 
642.333984 21.286169 1.696709  0.674839 
642.431641 21.284934 1.696197  0.675725 
642.529297 21.283699 1.695685  0.676609 
642.626953 21.282465 1.695173  0.677493 
642.724609 21.281231 1.694661  0.678375 
642.822266 21.279997 1.694148  0.679256 
642.919922 21.278763 1.693636  0.680135 
643.017578 21.277529 1.693124  0.681013 
643.115234 21.276296 1.692611  0.681890 
643.212891 21.275062 1.692099  0.682766 
643.310547 21.273829 1.691586  0.683640 
643.408203 21.272596 1.691074  0.684513 
643.505859 21.271364 1.690561  0.685385 
643.603516 21.270131 1.690049  0.686256 
643.701172 21.268899 1.689536  0.687125 
643.798828 21.267666 1.689024  0.687993 
643.896484 21.266434 1.688511  0.688860 
643.994141 21.265203 1.687998  0.689725 
644.091797 21.263971 1.687486  0.690589 
644.189453 21.262739 1.686973  0.691452 
644.287109 21.261508 1.686461  0.692314 
644.384766 21.260277 1.685948  0.693174 
644.482422 21.259046 1.685435  0.694033 
644.580078 21.257815 1.684922  0.694891 
644.677734 21.256585 1.684410  0.695748 
644.775391 21.255354 1.683897  0.696603 
644.873047 21.254124 1.683384  0.697457 
644.970703 21.252894 1.682872  0.698310 
645.068359 21.251664 1.682359  0.699161 
645.166016 21.250435 1.681846  0.700011 
645.263672 21.249205 1.681334  0.700860 
645.361328 21.247976 1.680821  0.701708 
645.458984 21.246747 1.680308  0.702555 
645.556641 21.245518 1.679795  0.703400 
645.654297 21.244289 1.679283  0.704244 
645.751953 21.243061 1.678770  0.705087 
645.849609 21.241832 1.678257  0.705928 
645.947266 21.240604 1.677745  0.706768 
646.044922 21.239376 1.677232  0.707607 
646.142578 21.238148 1.676719  0.708445 
646.240234 21.236920 1.676207  0.709282 
646.337891 21.235693 1.675694  0.710117 
646.435547 21.234466 1.675181  0.710951 
646.533203 21.233238 1.674669  0.711784 
646.630859 21.232011 1.674156  0.712615 
646.728516 21.230785 1.673644  0.713446 
646.826172 21.229558 1.673131  0.714275 
646.923828 21.228332 1.672619  0.715103 
647.021484 21.227106 1.672106  0.715929 
647.119141 21.225879 1.671593  0.716755 
647.216797 21.224654 1.671081  0.717579 
647.314453 21.223428 1.670569  0.718402 
647.412109 21.222202 1.670056  0.719224 
647.509766 21.220977 1.669544  0.720044 
647.607422 21.219752 1.669031  0.720864 
647.705078 21.218527 1.668519  0.721682 
647.802734 21.217302 1.668007  0.722498 
647.900391 21.216078 1.667495  0.723314 
647.998047 21.214853 1.666982  0.724129 
648.095703 21.213629 1.666470  0.724942 
648.193359 21.212405 1.665958  0.725754 
648.291016 21.211181 1.665446  0.726565 
648.388672 21.209957 1.664934  0.727374 
648.486328 21.208734 1.664422  0.728183 
648.583984 21.207510 1.663910  0.728990 
648.681641 21.206287 1.663398  0.729796 
648.779297 21.205064 1.662886  0.730601 
648.876953 21.203841 1.662374  0.731404 
648.974609 21.202619 1.661862  0.732207 
649.072266 21.201396 1.661350  0.733008 
649.169922 21.200174 1.660838  0.733808 
649.267578 21.198952 1.660327  0.734607 
649.365234 21.197730 1.659815  0.735404 
649.462891 21.196508 1.659303  0.736201 
649.560547 21.195287 1.658792  0.736996 
649.658203 21.194066 1.658280  0.737790 
649.755859 21.192844 1.657769  0.738583 
649.853516 21.191623 1.657258  0.739375 
649.951172 21.190402 1.656746  0.740165 
650.048828 21.189182 1.656235  0.740954 
650.146484 21.187961 1.655724  0.741742 
650.244141 21.186741 1.655213  0.742529 
650.341797 21.185521 1.654701  0.743315 
650.439453 21.184301 1.654190  0.744100 
650.537109 21.183081 1.653679  0.744883 
650.634766 21.181862 1.653169  0.745665 
650.732422 21.180642 1.652658  0.746446 
650.830078 21.179423 1.652147  0.747226 
650.927734 21.178204 1.651636  0.748005 
651.025391 21.176985 1.651126  0.748782 
651.123047 21.175766 1.650615  0.749559 
651.220703 21.174548 1.650104  0.750334 
651.318359 21.173330 1.649594  0.751108 
651.416016 21.172111 1.649084  0.751881 
651.513672 21.170893 1.648573  0.752653 
651.611328 21.169676 1.648063  0.753423 
651.708984 21.168458 1.647553  0.754193 
651.806641 21.167241 1.647043  0.754961 
651.904297 21.166023 1.646533  0.755728 
652.001953 21.164806 1.646023  0.756494 
652.099609 21.163589 1.645513  0.757259 
652.197266 21.162373 1.645003  0.758022 
652.294922 21.161156 1.644494  0.758785 
652.392578 21.159940 1.643984  0.759546 
652.490234 21.158724 1.643474  0.760306 
652.587891 21.157508 1.642965  0.761065 
652.685547 21.156292 1.642456  0.761823 
652.783203 21.155076 1.641946  0.762580 
652.880859 21.153861 1.641437  0.763335 
652.978516 21.152645 1.640928  0.764090 
653.076172 21.151430 1.640419  0.764843 
653.173828 21.150215 1.639910  0.765595 
653.271484 21.149000 1.639401  0.766346 
653.369141 21.147786 1.638893  0.767096 
653.466797 21.146571 1.638384  0.767845 
653.564453 21.145357 1.637875  0.768593 
653.662109 21.144143 1.637367  0.769339 
653.759766 21.142929 1.636859  0.770084 
653.857422 21.141716 1.636350  0.770829 
653.955078 21.140502 1.635842  0.771572 
654.052734 21.139289 1.635334  0.772314 
654.150391 21.138075 1.634826  0.773055 
654.248047 21.136862 1.634318  0.773794 
654.345703 21.135650 1.633811  0.774533 
654.443359 21.134437 1.633303  0.775270 
654.541016 21.133225 1.632795  0.776007 
654.638672 21.132012 1.632288  0.776742 
654.736328 21.130800 1.631780  0.777476 
654.833984 21.129588 1.631273  0.778209 
654.931641 21.128376 1.630766  0.778941 
655.029297 21.127165 1.630259  0.779672 
655.126953 21.125953 1.629752  0.780402 
655.224609 21.124742 1.629245  0.781130 
655.322266 21.123531 1.628739  0.781858 
655.419922 21.122320 1.628232  0.782584 
655.517578 21.121110 1.627726  0.783309 
655.615234 21.119899 1.627219  0.784034 
655.712891 21.118689 1.626713  0.784757 
655.810547 21.117479 1.626207  0.785479 
655.908203 21.116269 1.625701  0.786199 
656.005859 21.115059 1.625195  0.786919 
656.103516 21.113849 1.624689  0.787638 
656.201172 21.112640 1.624183  0.788355 
656.298828 21.111430 1.623678  0.789072 
656.396484 21.110221 1.623172  0.789787 
656.494141 21.109012 1.622667  0.790501 
656.591797 21.107804 1.622162  0.791215 
656.689453 21.106595 1.621657  0.791927 
656.787109 21.105387 1.621152  0.792638 
656.884766 21.104178 1.620647  0.793348 
656.982422 21.102970 1.620142  0.794057 
657.080078 21.101762 1.619638  0.794764 
657.177734 21.100555 1.619133  0.795471 
657.275391 21.099347 1.618629  0.796177 
657.373047 21.098140 1.618125  0.796881 
657.470703 21.096933 1.617621  0.797585 
657.568359 21.095726 1.617117  0.798287 
657.666016 21.094519 1.616613  0.798988 
657.763672 21.093312 1.616109  0.799689 
657.861328 21.092106 1.615606  0.800388 
657.958984 21.090899 1.615102  0.801086 
658.056641 21.089693 1.614599  0.801783 
658.154297 21.088487 1.614096  0.802479 
658.251953 21.087282 1.613593  0.803174 
658.349609 21.086076 1.613090  0.803867 
658.447266 21.084871 1.612587  0.804560 
658.544922 21.083665 1.612085  0.805252 
658.642578 21.082460 1.611582  0.805942 
658.740234 21.081255 1.611080  0.806632 
658.837891 21.080051 1.610578  0.807320 
658.935547 21.078846 1.610076  0.808008 
659.033203 21.077642 1.609574  0.808694 
659.130859 21.076438 1.609072  0.809380 
659.228516 21.075234 1.608571  0.810064 
659.326172 21.074030 1.608069  0.810747 
659.423828 21.072826 1.607568  0.811429 
659.521484 21.071623 1.607067  0.812110 
659.619141 21.070419 1.606566  0.812790 
659.716797 21.069216 1.606065  0.813469 
659.814453 21.068013 1.605564  0.814147 
659.912109 21.066810 1.605063  0.814824 
660.009766 21.065608 1.604563  0.815500 
660.107422 21.064405 1.604063  0.816175 
660.205078 21.063203 1.603563  0.816849 
660.302734 21.062001 1.603063  0.817522 
660.400391 21.060799 1.602563  0.818193 
660.498047 21.059597 1.602063  0.818864 
660.595703 21.058396 1.601564  0.819534 
660.693359 21.057194 1.601064  0.820202 
660.791016 21.055993 1.600565  0.820870 
660.888672 21.054792 1.600066  0.821537 
660.986328 21.053591 1.599567  0.822202 
661.083984 21.052390 1.599069  0.822867 
661.181641 21.051190 1.598570  0.823530 
661.279297 21.049989 1.598072  0.824193 
661.376953 21.048789 1.597573  0.824854 
661.474609 21.047589 1.597075  0.825514 
661.572266 21.046389 1.596577  0.826174 
661.669922 21.045190 1.596080  0.826832 
661.767578 21.043990 1.595582  0.827489 
661.865234 21.042791 1.595085  0.828146 
661.962891 21.041592 1.594587  0.828801 
662.060547 21.040393 1.594090  0.829455 
662.158203 21.039194 1.593593  0.830109 
662.255859 21.037995 1.593096  0.830761 
662.353516 21.036797 1.592600  0.831412 
662.451172 21.035599 1.592103  0.832062 
662.548828 21.034401 1.591607  0.832712 
662.646484 21.033203 1.591111  0.833360 
662.744141 21.032005 1.590615  0.834007 
662.841797 21.030807 1.590119  0.834653 
662.939453 21.029610 1.589624  0.835298 
663.037109 21.028413 1.589128  0.835943 
663.134766 21.027216 1.588633  0.836586 
663.232422 21.026019 1.588138  0.837228 
663.330078 21.024822 1.587643  0.837869 
663.427734 21.023626 1.587149  0.838510 
663.525391 21.022429 1.586654  0.839149 
663.623047 21.021233 1.586160  0.839787 
663.720703 21.020037 1.585665  0.840424 
663.818359 21.018841 1.585171  0.841060 
663.916016 21.017645 1.584678  0.841696 
664.013672 21.016450 1.584184  0.842330 
664.111328 21.015255 1.583691  0.842963 
664.208984 21.014059 1.583197  0.843595 
664.306641 21.012865 1.582704  0.844227 
664.404297 21.011670 1.582211  0.844857 
664.501953 21.010475 1.581718  0.845486 
664.599609 21.009281 1.581226  0.846115 
664.697266 21.008086 1.580734  0.846742 
664.794922 21.006892 1.580241  0.847368 
664.892578 21.005698 1.579749  0.847994 
664.990234 21.004504 1.579258  0.848618 
665.087891 21.003311 1.578766  0.849242 
665.185547 21.002117 1.578274  0.849864 
665.283203 21.000924 1.577783  0.850486 
665.380859 20.999731 1.577292  0.851106 
665.478516 20.998538 1.576801  0.851726 
665.576172 20.997345 1.576311  0.852344 
665.673828 20.996153 1.575820  0.852962 
665.771484 20.994960 1.575330  0.853579 
665.869141 20.993768 1.574840  0.854194 
665.966797 20.992576 1.574350  0.854809 
666.064453 20.991384 1.573860  0.855423 
666.162109 20.990193 1.573370  0.856035 
666.259766 20.989001 1.572881  0.856647 
666.357422 20.987810 1.572392  0.857258 
666.455078 20.986619 1.571903  0.857868 
666.552734 20.985428 1.571414  0.858477 
666.650391 20.984237 1.570926  0.859085 
666.748047 20.983046 1.570437  0.859692 
666.845703 20.981855 1.569949  0.860298 
666.943359 20.980665 1.569461  0.860903 
667.041016 20.979475 1.568973  0.861507 
667.138672 20.978285 1.568486  0.862111 
667.236328 20.977095 1.567998  0.862713 
667.333984 20.975906 1.567511  0.863314 
667.431641 20.974716 1.567024  0.863915 
667.529297 20.973527 1.566537  0.864514 
667.626953 20.972338 1.566051  0.865113 
667.724609 20.971149 1.565564  0.865710 
667.822266 20.969960 1.565078  0.866307 
667.919922 20.968771 1.564592  0.866903 
668.017578 20.967583 1.564106  0.867497 
668.115234 20.966395 1.563621  0.868091 
668.212891 20.965206 1.563136  0.868684 
668.310547 20.964018 1.562650  0.869276 
668.408203 20.962831 1.562165  0.869867 
668.505859 20.961643 1.561681  0.870457 
668.603516 20.960456 1.561196  0.871046 
668.701172 20.959268 1.560712  0.871634 
668.798828 20.958081 1.560228  0.872222 
668.896484 20.956894 1.559744  0.872808 
668.994141 20.955708 1.559260  0.873393 
669.091797 20.954521 1.558777  0.873978 
669.189453 20.953335 1.558293  0.874562 
669.287109 20.952149 1.557810  0.875144 
669.384766 20.950962 1.557327  0.875726 
669.482422 20.949777 1.556845  0.876307 
669.580078 20.948591 1.556362  0.876887 
669.677734 20.947405 1.555880  0.877466 
669.775391 20.946220 1.555398  0.878044 
669.873047 20.945035 1.554916  0.878621 
669.970703 20.943850 1.554435  0.879197 
670.068359 20.942665 1.553953  0.879772 
670.166016 20.941480 1.553472  0.880347 
670.263672 20.940296 1.552991  0.880920 
670.361328 20.939111 1.552510  0.881493 
670.458984 20.937927 1.552030  0.882065 
670.556641 20.936743 1.551550  0.882635 
670.654297 20.935559 1.551070  0.883205 
670.751953 20.934376 1.550590  0.883774 
670.849609 20.933192 1.550110  0.884342 
670.947266 20.932009 1.549631  0.884909 
671.044922 20.930826 1.549152  0.885476 
671.142578 20.929643 1.548673  0.886041 
671.240234 20.928460 1.548194  0.886605 
671.337891 20.927277 1.547715  0.887169 
671.435547 20.926095 1.547237  0.887732 
671.533203 20.924912 1.546759  0.888293 
671.630859 20.923730 1.546281  0.888854 
671.728516 20.922548 1.545803  0.889414 
671.826172 20.921366 1.545326  0.889973 
671.923828 20.920185 1.544849  0.890532 
672.021484 20.919003 1.544372  0.891089 
672.119141 20.917822 1.543895  0.891645 
672.216797 20.916641 1.543419  0.892201 
672.314453 20.915460 1.542942  0.892755 
672.412109 20.914279 1.542466  0.893309 
672.509766 20.913098 1.541990  0.893862 
672.607422 20.911918 1.541515  0.894414 
672.705078 20.910738 1.541039  0.894965 
672.802734 20.909558 1.540564  0.895515 
672.900391 20.908378 1.540089  0.896065 
672.998047 20.907198 1.539615  0.896613 
673.095703 20.906018 1.539140  0.897161 
673.193359 20.904839 1.538666  0.897708 
673.291016 20.903660 1.538192  0.898253 
673.388672 20.902480 1.537718  0.898798 
673.486328 20.901302 1.537245  0.899343 
673.583984 20.900123 1.536771  0.899886 
673.681641 20.898944 1.536298  0.900428 
673.779297 20.897766 1.535825  0.900970 
673.876953 20.896587 1.535353  0.901510 
673.974609 20.895409 1.534880  0.902050 
674.072266 20.894231 1.534408  0.902589 
674.169922 20.893054 1.533936  0.903127 
674.267578 20.891876 1.533465  0.903664 
674.365234 20.890699 1.532993  0.904201 
674.462891 20.889521 1.532522  0.904736 
674.560547 20.888344 1.532051  0.905271 
674.658203 20.887167 1.531580  0.905804 
674.755859 20.885991 1.531110  0.906337 
674.853516 20.884814 1.530640  0.906869 
674.951172 20.883638 1.530170  0.907400 
675.048828 20.882462 1.529700  0.907931 
675.146484 20.881285 1.529230  0.908460 
675.244141 20.880110 1.528761  0.908989 
675.341797 20.878934 1.528292  0.909517 
675.439453 20.877758 1.527823  0.910043 
675.537109 20.876583 1.527355  0.910570 
675.634766 20.875408 1.526886  0.911095 
675.732422 20.874233 1.526418  0.911619 
675.830078 20.873058 1.525950  0.912143 
675.927734 20.871883 1.525483  0.912665 
676.025391 20.870708 1.525015  0.913187 
676.123047 20.869534 1.524548  0.913708 
676.220703 20.868360 1.524081  0.914228 
676.318359 20.867186 1.523615  0.914748 
676.416016 20.866012 1.523148  0.915266 
676.513672 20.864838 1.522682  0.915784 
676.611328 20.863665 1.522216  0.916301 
676.708984 20.862491 1.521750  0.916817 
676.806641 20.861318 1.521285  0.917332 
676.904297 20.860145 1.520820  0.917846 
677.001953 20.858972 1.520355  0.918360 
677.099609 20.857799 1.519890  0.918872 
677.197266 20.856627 1.519426  0.919384 
677.294922 20.855454 1.518962  0.919895 
677.392578 20.854282 1.518498  0.920405 
677.490234 20.853110 1.518034  0.920915 
677.587891 20.851938 1.517571  0.921423 
677.685547 20.850767 1.517107  0.921931 
677.783203 20.849595 1.516644  0.922438 
677.880859 20.848424 1.516182  0.922944 
677.978516 20.847252 1.515719  0.923449 
678.076172 20.846081 1.515257  0.923954 
678.173828 20.844911 1.514795  0.924457 
678.271484 20.843740 1.514333  0.924960 
678.369141 20.842569 1.513872  0.925462 
678.466797 20.841399 1.513411  0.925963 
678.564453 20.840229 1.512950  0.926463 
678.662109 20.839059 1.512489  0.926963 
678.759766 20.837889 1.512029  0.927462 
678.857422 20.836719 1.511569  0.927960 
678.955078 20.835550 1.511109  0.928457 
679.052734 20.834380 1.510649  0.928953 
679.150391 20.833211 1.510189  0.929448 
679.248047 20.832042 1.509730  0.929943 
679.345703 20.830873 1.509271  0.930437 
679.443359 20.829704 1.508813  0.930930 
679.541016 20.828536 1.508354  0.931422 
679.638672 20.827367 1.507896  0.931914 
679.736328 20.826199 1.507438  0.932405 
679.833984 20.825031 1.506981  0.932894 
679.931641 20.823863 1.506523  0.933384 
680.029297 20.822696 1.506066  0.933872 
680.126953 20.821528 1.505609  0.934359 
680.224609 20.820361 1.505153  0.934846 
680.322266 20.819193 1.504696  0.935332 
680.419922 20.818026 1.504240  0.935817 
680.517578 20.816860 1.503784  0.936301 
680.615234 20.815693 1.503329  0.936785 
680.712891 20.814526 1.502873  0.937268 
680.810547 20.813360 1.502418  0.937750 
680.908203 20.812194 1.501964  0.938231 
681.005859 20.811028 1.501509  0.938711 
681.103516 20.809862 1.501055  0.939191 
681.201172 20.808696 1.500601  0.939669 
681.298828 20.807530 1.500147  0.940148 
681.396484 20.806365 1.499693  0.940625 
681.494141 20.805200 1.499240  0.941101 
681.591797 20.804035 1.498787  0.941577 
681.689453 20.802870 1.498335  0.942052 
681.787109 20.801705 1.497882  0.942526 
681.884766 20.800541 1.497430  0.942999 
681.982422 20.799376 1.496978  0.943472 
682.080078 20.798212 1.496526  0.943944 
682.177734 20.797048 1.496075  0.944415 
682.275391 20.795884 1.495624  0.944885 
682.373047 20.794720 1.495173  0.945354 
682.470703 20.793557 1.494722  0.945823 
682.568359 20.792393 1.494272  0.946291 
682.666016 20.791230 1.493822  0.946758 
682.763672 20.790067 1.493372  0.947225 
682.861328 20.788904 1.492922  0.947690 
682.958984 20.787741 1.492473  0.948155 
683.056641 20.786579 1.492024  0.948619 
683.154297 20.785416 1.491575  0.949083 
683.251953 20.784254 1.491127  0.949545 
683.349609 20.783092 1.490679  0.950007 
683.447266 20.781930 1.490231  0.950468 
683.544922 20.780768 1.489783  0.950928 
683.642578 20.779607 1.489336  0.951388 
683.740234 20.778445 1.488888  0.951847 
683.837891 20.777284 1.488442  0.952305 
683.935547 20.776123 1.487995  0.952762 
684.033203 20.774962 1.487549  0.953219 
684.130859 20.773801 1.487102  0.953674 
684.228516 20.772641 1.486657  0.954129 
684.326172 20.771480 1.486211  0.954584 
684.423828 20.770320 1.485766  0.955037 
684.521484 20.769160 1.485321  0.955490 
684.619141 20.768000 1.484876  0.955942 
684.716797 20.766840 1.484432  0.956393 
684.814453 20.765680 1.483987  0.956844 
684.912109 20.764521 1.483543  0.957294 
685.009766 20.763362 1.483100  0.957743 
685.107422 20.762203 1.482656  0.958191 
685.205078 20.761044 1.482213  0.958639 
685.302734 20.759885 1.481770  0.959085 
685.400391 20.758726 1.481328  0.959532 
685.498047 20.757568 1.480886  0.959977 
685.595703 20.756409 1.480444  0.960422 
685.693359 20.755251 1.480002  0.960865 
685.791016 20.754093 1.479560  0.961309 
685.888672 20.752935 1.479119  0.961751 
685.986328 20.751778 1.478678  0.962193 
686.083984 20.750620 1.478238  0.962634 
686.181641 20.749463 1.477797  0.963074 
686.279297 20.748306 1.477357  0.963513 
686.376953 20.747149 1.476917  0.963952 
686.474609 20.745992 1.476478  0.964390 
686.572266 20.744835 1.476038  0.964827 
686.669922 20.743679 1.475599  0.965264 
686.767578 20.742522 1.475161  0.965700 
686.865234 20.741366 1.474722  0.966135 
686.962891 20.740210 1.474284  0.966569 
687.060547 20.739054 1.473846  0.967003 
687.158203 20.737899 1.473408  0.967436 
687.255859 20.736743 1.472971  0.967868 
687.353516 20.735588 1.472534  0.968300 
687.451172 20.734433 1.472097  0.968731 
687.548828 20.733278 1.471660  0.969161 
687.646484 20.732123 1.471224  0.969590 
687.744141 20.730968 1.470788  0.970019 
687.841797 20.729813 1.470353  0.970447 
687.939453 20.728659 1.469917  0.970874 
688.037109 20.727505 1.469482  0.971300 
688.134766 20.726351 1.469047  0.971726 
688.232422 20.725197 1.468612  0.972151 
688.330078 20.724043 1.468178  0.972576 
688.427734 20.722890 1.467744  0.972999 
688.525391 20.721736 1.467310  0.973422 
688.623047 20.720583 1.466877  0.973845 
688.720703 20.719430 1.466444  0.974266 
688.818359 20.718277 1.466011  0.974687 
688.916016 20.717124 1.465578  0.975107 
689.013672 20.715972 1.465146  0.975527 
689.111328 20.714819 1.464714  0.975945 
689.208984 20.713667 1.464282  0.976363 
689.306641 20.712515 1.463850  0.976781 
689.404297 20.711363 1.463419  0.977197 
689.501953 20.710211 1.462988  0.977613 
689.599609 20.709059 1.462557  0.978028 
689.697266 20.707908 1.462127  0.978443 
689.794922 20.706757 1.461697  0.978857 
689.892578 20.705605 1.461267  0.979270 
689.990234 20.704454 1.460837  0.979683 
690.087891 20.703304 1.460408  0.980094 
690.185547 20.702153 1.459979  0.980505 
690.283203 20.701003 1.459550  0.980916 
690.380859 20.699852 1.459122  0.981326 
690.478516 20.698702 1.458694  0.981735 
690.576172 20.697552 1.458266  0.982143 
690.673828 20.696402 1.457838  0.982551 
690.771484 20.695253 1.457411  0.982958 
690.869141 20.694103 1.456984  0.983364 
690.966797 20.692954 1.456557  0.983769 
691.064453 20.691804 1.456131  0.984174 
691.162109 20.690655 1.455704  0.984579 
691.259766 20.689507 1.455279  0.984982 
691.357422 20.688358 1.454853  0.985385 
691.455078 20.687209 1.454428  0.985787 
691.552734 20.686061 1.454003  0.986189 
691.650391 20.684913 1.453578  0.986590 
691.748047 20.683765 1.453153  0.986990 
691.845703 20.682617 1.452729  0.987389 
691.943359 20.681469 1.452305  0.987788 
692.041016 20.680321 1.451882  0.988186 
692.138672 20.679174 1.451458  0.988584 
692.236328 20.678027 1.451035  0.988980 
692.333984 20.676880 1.450612  0.989377 
692.431641 20.675733 1.450190  0.989772 
692.529297 20.674586 1.449768  0.990167 
692.626953 20.673439 1.449346  0.990561 
692.724609 20.672293 1.448924  0.990954 
692.822266 20.671147 1.448503  0.991347 
692.919922 20.670000 1.448082  0.991739 
693.017578 20.668854 1.447661  0.992131 
693.115234 20.667709 1.447240  0.992522 
693.212891 20.666563 1.446820  0.992912 
693.310547 20.665418 1.446400  0.993301 
693.408203 20.664272 1.445981  0.993690 
693.505859 20.663127 1.445561  0.994078 
693.603516 20.661982 1.445142  0.994466 
693.701172 20.660837 1.444723  0.994853 
693.798828 20.659693 1.444305  0.995239 
693.896484 20.658548 1.443887  0.995624 
693.994141 20.657404 1.443469  0.996009 
694.091797 20.656259 1.443051  0.996393 
694.189453 20.655115 1.442634  0.996777 
694.287109 20.653972 1.442217  0.997160 
694.384766 20.652828 1.441800  0.997542 
694.482422 20.651684 1.441383  0.997924 
694.580078 20.650541 1.440967  0.998305 
694.677734 20.649398 1.440551  0.998685 
694.775391 20.648255 1.440136  0.999065 
694.873047 20.647112 1.439720  0.999444 
694.970703 20.645969 1.439305  0.999822 
695.068359 20.644826 1.438890  1.000200 
695.166016 20.643684 1.438476  1.000577 
695.263672 20.642542 1.438062  1.000954 
695.361328 20.641399 1.437648  1.001329 
695.458984 20.640258 1.437234  1.001705 
695.556641 20.639116 1.436821  1.002079 
695.654297 20.637974 1.436408  1.002453 
695.751953 20.636833 1.435995  1.002826 
695.849609 20.635691 1.435583  1.003199 
695.947266 20.634550 1.435171  1.003571 
696.044922 20.633409 1.434759  1.003942 
696.142578 20.632268 1.434347  1.004313 
696.240234 20.631128 1.433936  1.004683 
696.337891 20.629987 1.433525  1.005053 
696.435547 20.628847 1.433114  1.005421 
696.533203 20.627707 1.432704  1.005790 
696.630859 20.626567 1.432294  1.006157 
696.728516 20.625427 1.431884  1.006524 
696.826172 20.624287 1.431474  1.006890 
696.923828 20.623147 1.431065  1.007256 
697.021484 20.622008 1.430656  1.007621 
697.119141 20.620869 1.430247  1.007985 
697.216797 20.619730 1.429839  1.008349 
697.314453 20.618591 1.429431  1.008712 
697.412109 20.617452 1.429023  1.009075 
697.509766 20.616313 1.428615  1.009437 
697.607422 20.615175 1.428208  1.009798 
697.705078 20.614037 1.427801  1.010159 
697.802734 20.612898 1.427394  1.010519 
697.900391 20.611761 1.426988  1.010878 
697.998047 20.610623 1.426582  1.011237 
698.095703 20.609485 1.426176  1.011596 
698.193359 20.608348 1.425771  1.011953 
698.291016 20.607210 1.425366  1.012310 
698.388672 20.606073 1.424961  1.012666 
698.486328 20.604936 1.424556  1.013022 
698.583984 20.603799 1.424152  1.013377 
698.681641 20.602663 1.423748  1.013732 
698.779297 20.601526 1.423344  1.014086 
698.876953 20.600390 1.422940  1.014439 
698.974609 20.599253 1.422537  1.014792 
699.072266 20.598117 1.422134  1.015144 
699.169922 20.596981 1.421732  1.015495 
699.267578 20.595846 1.421329  1.015846 
699.365234 20.594710 1.420927  1.016197 
699.462891 20.593575 1.420526  1.016546 
699.560547 20.592439 1.420124  1.016895 
699.658203 20.591304 1.419723  1.017244 
699.755859 20.590169 1.419322  1.017592 
699.853516 20.589035 1.418922  1.017939 
699.951172 20.587900 1.418522  1.018286 
700.048828 20.586765 1.418122  1.018632 
700.146484 20.585631 1.417722  1.018977 
700.244141 20.584497 1.417323  1.019322 
700.341797 20.583363 1.416924  1.019666 
700.439453 20.582229 1.416525  1.020010 
700.537109 20.581095 1.416126  1.020353 
700.634766 20.579962 1.415728  1.020695 
700.732422 20.578828 1.415330  1.021037 
700.830078 20.577695 1.414933  1.021379 
700.927734 20.576562 1.414535  1.021719 
701.025391 20.575429 1.414138  1.022059 
701.123047 20.574297 1.413741  1.022399 
701.220703 20.573164 1.413345  1.022738 
701.318359 20.572032 1.412949  1.023076 
701.416016 20.570899 1.412553  1.023414 
701.513672 20.569767 1.412157  1.023751 
701.611328 20.568635 1.411762  1.024088 
701.708984 20.567503 1.411367  1.024424 
701.806641 20.566372 1.410972  1.024759 
701.904297 20.565240 1.410578  1.025094 
702.001953 20.564109 1.410184  1.025428 
702.099609 20.562978 1.409790  1.025762 
702.197266 20.561847 1.409397  1.026095 
702.294922 20.560716 1.409003  1.026427 
702.392578 20.559585 1.408610  1.026759 
702.490234 20.558455 1.408218  1.027091 
702.587891 20.557324 1.407825  1.027421 
702.685547 20.556194 1.407433  1.027751 
702.783203 20.555064 1.407042  1.028081 
702.880859 20.553934 1.406650  1.028410 
702.978516 20.552804 1.406259  1.028739 
703.076172 20.551675 1.405868  1.029066 
703.173828 20.550545 1.405478  1.029394 
703.271484 20.549416 1.405087  1.029721 
703.369141 20.548287 1.404697  1.030047 
703.466797 20.547158 1.404308  1.030372 
703.564453 20.546029 1.403918  1.030697 
703.662109 20.544901 1.403529  1.031022 
703.759766 20.543772 1.403140  1.031346 
703.857422 20.542644 1.402752  1.031669 
703.955078 20.541516 1.402363  1.031992 
704.052734 20.540388 1.401975  1.032314 
704.150391 20.539260 1.401588  1.032636 
704.248047 20.538132 1.401200  1.032957 
704.345703 20.537004 1.400813  1.033277 
704.443359 20.535877 1.400427  1.033597 
704.541016 20.534750 1.400040  1.033916 
704.638672 20.533623 1.399654  1.034235 
704.736328 20.532496 1.399268  1.034553 
704.833984 20.531369 1.398882  1.034871 
704.931641 20.530242 1.398497  1.035188 
705.029297 20.529116 1.398112  1.035505 
705.126953 20.527990 1.397727  1.035821 
705.224609 20.526864 1.397343  1.036136 
705.322266 20.525738 1.396959  1.036451 
705.419922 20.524612 1.396575  1.036766 
705.517578 20.523486 1.396191  1.037079 
705.615234 20.522360 1.395808  1.037393 
705.712891 20.521235 1.395425  1.037705 
705.810547 20.520110 1.395043  1.038017 
705.908203 20.518985 1.394660  1.038329 
706.005859 20.517860 1.394278  1.038640 
706.103516 20.516735 1.393896  1.038950 
706.201172 20.515611 1.393515  1.039260 
706.298828 20.514486 1.393134  1.039570 
706.396484 20.513362 1.392753  1.039879 
706.494141 20.512238 1.392372  1.040187 
706.591797 20.511114 1.391992  1.040495 
706.689453 20.509990 1.391612  1.040802 
706.787109 20.508866 1.391232  1.041109 
706.884766 20.507743 1.390853  1.041415 
706.982422 20.506620 1.390474  1.041720 
707.080078 20.505496 1.390095  1.042025 
707.177734 20.504373 1.389716  1.042330 
707.275391 20.503250 1.389338  1.042634 
707.373047 20.502128 1.388960  1.042937 
707.470703 20.501005 1.388582  1.043240 
707.568359 20.499883 1.388205  1.043542 
707.666016 20.498761 1.387828  1.043844 
707.763672 20.497638 1.387451  1.044145 
707.861328 20.496517 1.387075  1.044446 
707.958984 20.495395 1.386698  1.044746 
708.056641 20.494273 1.386322  1.045046 
708.154297 20.493152 1.385947  1.045345 
708.251953 20.492030 1.385571  1.045644 
708.349609 20.490909 1.385196  1.045942 
708.447266 20.489788 1.384822  1.046239 
708.544922 20.488667 1.384447  1.046536 
708.642578 20.487547 1.384073  1.046833 
708.740234 20.486426 1.383699  1.047129 
708.837891 20.485306 1.383326  1.047424 
708.935547 20.484185 1.382952  1.047719 
709.033203 20.483065 1.382579  1.048014 
709.130859 20.481945 1.382207  1.048307 
709.228516 20.480826 1.381834  1.048601 
709.326172 20.479706 1.381462  1.048894 
709.423828 20.478587 1.381091  1.049186 
709.521484 20.477467 1.380719  1.049478 
709.619141 20.476348 1.380348  1.049769 
709.716797 20.475229 1.379977  1.050060 
709.814453 20.474110 1.379606  1.050350 
709.912109 20.472992 1.379236  1.050639 
710.009766 20.471873 1.378866  1.050929 
710.107422 20.470755 1.378496  1.051217 
710.205078 20.469636 1.378127  1.051505 
710.302734 20.468518 1.377758  1.051793 
710.400391 20.467400 1.377389  1.052080 
710.498047 20.466283 1.377020  1.052367 
710.595703 20.465165 1.376652  1.052653 
710.693359 20.464048 1.376284  1.052938 
710.791016 20.462930 1.375916  1.053223 
710.888672 20.461813 1.375549  1.053508 
710.986328 20.460696 1.375182  1.053792 
711.083984 20.459579 1.374815  1.054075 
711.181641 20.458463 1.374448  1.054358 
711.279297 20.457346 1.374082  1.054641 
711.376953 20.456230 1.373716  1.054923 
711.474609 20.455114 1.373350  1.055204 
711.572266 20.453998 1.372985  1.055485 
711.669922 20.452882 1.372620  1.055765 
711.767578 20.451766 1.372255  1.056045 
711.865234 20.450650 1.371891  1.056325 
711.962891 20.449535 1.371527  1.056604 
712.060547 20.448420 1.371163  1.056882 
712.158203 20.447304 1.370799  1.057160 
712.255859 20.446189 1.370436  1.057438 
712.353516 20.445075 1.370073  1.057715 
712.451172 20.443960 1.369710  1.057991 
712.548828 20.442845 1.369348  1.058267 
712.646484 20.441731 1.368986  1.058542 
712.744141 20.440617 1.368624  1.058817 
712.841797 20.439503 1.368262  1.059092 
712.939453 20.438389 1.367901  1.059366 
713.037109 20.437275 1.367540  1.059639 
713.134766 20.436161 1.367179  1.059912 
713.232422 20.435048 1.366819  1.060184 
713.330078 20.433935 1.366459  1.060456 
713.427734 20.432821 1.366099  1.060728 
713.525391 20.431708 1.365739  1.060999 
713.623047 20.430596 1.365380  1.061269 
713.720703 20.429483 1.365021  1.061539 
713.818359 20.428370 1.364663  1.061809 
713.916016 20.427258 1.364304  1.062078 
714.013672 20.426146 1.363946  1.062346 
714.111328 20.425034 1.363589  1.062614 
714.208984 20.423922 1.363231  1.062882 
714.306641 20.422810 1.362874  1.063149 
714.404297 20.421698 1.362517  1.063416 
714.501953 20.420587 1.362160  1.063682 
714.599609 20.419476 1.361804  1.063947 
714.697266 20.418364 1.361448  1.064212 
714.794922 20.417253 1.361092  1.064477 
714.892578 20.416143 1.360737  1.064741 
714.990234 20.415032 1.360382  1.065005 
715.087891 20.413921 1.360027  1.065268 
715.185547 20.412811 1.359672  1.065531 
715.283203 20.411701 1.359318  1.065793 
715.380859 20.410591 1.358964  1.066055 
715.478516 20.409481 1.358610  1.066316 
715.576172 20.408371 1.358257  1.066577 
715.673828 20.407261 1.357904  1.066837 
715.771484 20.406152 1.357551  1.067097 
715.869141 20.405042 1.357199  1.067356 
715.966797 20.403933 1.356846  1.067615 
716.064453 20.402824 1.356494  1.067874 
716.162109 20.401715 1.356143  1.068132 
716.259766 20.400607 1.355791  1.068389 
716.357422 20.399498 1.355440  1.068646 
716.455078 20.398390 1.355090  1.068903 
716.552734 20.397281 1.354739  1.069159 
716.650391 20.396173 1.354389  1.069414 
716.748047 20.395065 1.354039  1.069669 
716.845703 20.393958 1.353689  1.069924 
716.943359 20.392850 1.353340  1.070178 
717.041016 20.391742 1.352991  1.070432 
717.138672 20.390635 1.352642  1.070685 
717.236328 20.389528 1.352294  1.070938 
717.333984 20.388421 1.351945  1.071190 
717.431641 20.387314 1.351598  1.071442 
717.529297 20.386207 1.351250  1.071693 
717.626953 20.385101 1.350903  1.071944 
717.724609 20.383994 1.350556  1.072195 
717.822266 20.382888 1.350209  1.072445 
717.919922 20.381782 1.349862  1.072694 
718.017578 20.380676 1.349516  1.072943 
718.115234 20.379570 1.349170  1.073192 
718.212891 20.378464 1.348825  1.073440 
718.310547 20.377359 1.348480  1.073688 
718.408203 20.376253 1.348135  1.073935 
718.505859 20.375148 1.347790  1.074182 
718.603516 20.374043 1.347445  1.074428 
718.701172 20.372938 1.347101  1.074674 
718.798828 20.371833 1.346757  1.074919 
718.896484 20.370729 1.346414  1.075164 
718.994141 20.369624 1.346071  1.075409 
719.091797 20.368520 1.345728  1.075653 
719.189453 20.367416 1.345385  1.075897 
719.287109 20.366312 1.345042  1.076140 
719.384766 20.365208 1.344700  1.076382 
719.482422 20.364104 1.344359  1.076625 
719.580078 20.363001 1.344017  1.076867 
719.677734 20.361897 1.343676  1.077108 
719.775391 20.360794 1.343335  1.077349 
719.873047 20.359691 1.342994  1.077589 
719.970703 20.358588 1.342654  1.077829 
720.068359 20.357485 1.342314  1.078069 
720.166016 20.356382 1.341974  1.078308 
720.263672 20.355280 1.341634  1.078547 
720.361328 20.354177 1.341295  1.078785 
720.458984 20.353075 1.340956  1.079023 
720.556641 20.351973 1.340617  1.079260 
720.654297 20.350871 1.340279  1.079497 
720.751953 20.349770 1.339941  1.079733 
720.849609 20.348668 1.339603  1.079969 
720.947266 20.347566 1.339265  1.080205 
721.044922 20.346465 1.338928  1.080440 
721.142578 20.345364 1.338591  1.080675 
721.240234 20.344263 1.338254  1.080909 
721.337891 20.343162 1.337918  1.081143 
721.435547 20.342061 1.337582  1.081376 
721.533203 20.340961 1.337246  1.081609 
721.630859 20.339861 1.336911  1.081841 
721.728516 20.338760 1.336575  1.082074 
721.826172 20.337660 1.336240  1.082305 
721.923828 20.336560 1.335906  1.082536 
722.021484 20.335460 1.335571  1.082767 
722.119141 20.334361 1.335237  1.082997 
722.216797 20.333261 1.334903  1.083227 
722.314453 20.332162 1.334570  1.083457 
722.412109 20.331063 1.334237  1.083686 
722.509766 20.329964 1.333904  1.083914 
722.607422 20.328865 1.333571  1.084143 
722.705078 20.327766 1.333239  1.084370 
722.802734 20.326667 1.332906  1.084598 
722.900391 20.325569 1.332575  1.084825 
722.998047 20.324471 1.332243  1.085051 
723.095703 20.323373 1.331912  1.085277 
723.193359 20.322275 1.331581  1.085503 
723.291016 20.321177 1.331250  1.085728 
723.388672 20.320079 1.330920  1.085953 
723.486328 20.318981 1.330590  1.086177 
723.583984 20.317884 1.330260  1.086401 
723.681641 20.316787 1.329930  1.086624 
723.779297 20.315690 1.329601  1.086847 
723.876953 20.314593 1.329272  1.087070 
723.974609 20.313496 1.328943  1.087292 
724.072266 20.312399 1.328615  1.087514 
724.169922 20.311303 1.328287  1.087735 
724.267578 20.310206 1.327959  1.087956 
724.365234 20.309110 1.327631  1.088177 
724.462891 20.308014 1.327304  1.088397 
724.560547 20.306918 1.326977  1.088617 
724.658203 20.305822 1.326650  1.088836 
724.755859 20.304727 1.326324  1.089055 
724.853516 20.303631 1.325997  1.089273 
724.951172 20.302536 1.325672  1.089491 
725.048828 20.301441 1.325346  1.089709 
725.146484 20.300346 1.325021  1.089926 
725.244141 20.299251 1.324696  1.090143 
725.341797 20.298156 1.324371  1.090359 
725.439453 20.297062 1.324046  1.090575 
725.537109 20.295967 1.323722  1.090791 
725.634766 20.294873 1.323398  1.091006 
725.732422 20.293779 1.323074  1.091221 
725.830078 20.292685 1.322751  1.091435 
725.927734 20.291591 1.322428  1.091649 
726.025391 20.290497 1.322105  1.091862 
726.123047 20.289404 1.321783  1.092076 
726.220703 20.288311 1.321461  1.092288 
726.318359 20.287217 1.321139  1.092501 
726.416016 20.286124 1.320817  1.092712 
726.513672 20.285031 1.320495  1.092924 
726.611328 20.283939 1.320174  1.093135 
726.708984 20.282846 1.319854  1.093346 
726.806641 20.281753 1.319533  1.093556 
726.904297 20.280661 1.319213  1.093766 
727.001953 20.279569 1.318893  1.093975 
727.099609 20.278477 1.318573  1.094184 
727.197266 20.277385 1.318254  1.094393 
727.294922 20.276293 1.317934  1.094601 
727.392578 20.275202 1.317615  1.094809 
727.490234 20.274110 1.317297  1.095017 
727.587891 20.273019 1.316979  1.095224 
727.685547 20.271928 1.316660  1.095430 
727.783203 20.270837 1.316343  1.095637 
727.880859 20.269746 1.316025  1.095842 
727.978516 20.268655 1.315708  1.096048 
728.076172 20.267565 1.315391  1.096253 
728.173828 20.266474 1.315074  1.096458 
728.271484 20.265384 1.314758  1.096662 
728.369141 20.264294 1.314442  1.096866 
728.466797 20.263204 1.314126  1.097069 
728.564453 20.262114 1.313811  1.097272 
728.662109 20.261024 1.313495  1.097475 
728.759766 20.259935 1.313180  1.097677 
728.857422 20.258845 1.312866  1.097879 
728.955078 20.257756 1.312551  1.098081 
729.052734 20.256667 1.312237  1.098282 
729.150391 20.255578 1.311923  1.098483 
729.248047 20.254489 1.311610  1.098683 
729.345703 20.253401 1.311296  1.098883 
729.443359 20.252312 1.310983  1.099083 
729.541016 20.251224 1.310670  1.099282 
729.638672 20.250136 1.310358  1.099481 
729.736328 20.249048 1.310046  1.099679 
729.833984 20.247960 1.309734  1.099877 
729.931641 20.246872 1.309422  1.100075 
730.029297 20.245784 1.309111  1.100272 
730.126953 20.244697 1.308800  1.100469 
730.224609 20.243610 1.308489  1.100665 
730.322266 20.242523 1.308178  1.100862 
730.419922 20.241436 1.307868  1.101057 
730.517578 20.240349 1.307558  1.101253 
730.615234 20.239262 1.307248  1.101448 
730.712891 20.238175 1.306939  1.101642 
730.810547 20.237089 1.306629  1.101836 
730.908203 20.236003 1.306320  1.102030 
731.005859 20.234917 1.306012  1.102224 
731.103516 20.233831 1.305703  1.102417 
731.201172 20.232745 1.305395  1.102610 
731.298828 20.231659 1.305087  1.102802 
731.396484 20.230573 1.304780  1.102994 
731.494141 20.229488 1.304473  1.103185 
731.591797 20.228403 1.304166  1.103377 
731.689453 20.227318 1.303859  1.103567 
731.787109 20.226233 1.303552  1.103758 
731.884766 20.225148 1.303246  1.103948 
731.982422 20.224063 1.302940  1.104138 
732.080078 20.222979 1.302635  1.104327 
732.177734 20.221894 1.302329  1.104516 
732.275391 20.220810 1.302024  1.104705 
732.373047 20.219726 1.301719  1.104893 
732.470703 20.218642 1.301415  1.105081 
732.568359 20.217558 1.301111  1.105268 
732.666016 20.216475 1.300807  1.105455 
732.763672 20.215391 1.300503  1.105642 
732.861328 20.214308 1.300199  1.105828 
732.958984 20.213225 1.299896  1.106014 
733.056641 20.212142 1.299593  1.106200 
733.154297 20.211059 1.299291  1.106385 
733.251953 20.209976 1.298988  1.106570 
733.349609 20.208893 1.298686  1.106755 
733.447266 20.207811 1.298384  1.106939 
733.544922 20.206729 1.298083  1.107123 
733.642578 20.205646 1.297781  1.107306 
733.740234 20.204564 1.297480  1.107489 
733.837891 20.203482 1.297180  1.107672 
733.935547 20.202401 1.296879  1.107854 
734.033203 20.201319 1.296579  1.108036 
734.130859 20.200238 1.296279  1.108218 
734.228516 20.199156 1.295979  1.108399 
734.326172 20.198075 1.295680  1.108580 
734.423828 20.196994 1.295381  1.108761 
734.521484 20.195913 1.295082  1.108941 
734.619141 20.194833 1.294783  1.109121 
734.716797 20.193752 1.294485  1.109300 
734.814453 20.192672 1.294187  1.109479 
734.912109 20.191591 1.293889  1.109658 
735.009766 20.190511 1.293592  1.109836 
735.107422 20.189431 1.293294  1.110014 
735.205078 20.188351 1.292997  1.110192 
735.302734 20.187272 1.292701  1.110370 
735.400391 20.186192 1.292404  1.110547 
735.498047 20.185113 1.292108  1.110723 
735.595703 20.184033 1.291812  1.110899 
735.693359 20.182954 1.291516  1.111075 
735.791016 20.181875 1.291221  1.111251 
735.888672 20.180797 1.290926  1.111426 
735.986328 20.179718 1.290631  1.111601 
736.083984 20.178639 1.290336  1.111776 
736.181641 20.177561 1.290042  1.111950 
736.279297 20.176483 1.289748  1.112124 
736.376953 20.175405 1.289454  1.112297 
736.474609 20.174327 1.289161  1.112470 
736.572266 20.173249 1.288868  1.112643 
736.669922 20.172171 1.288575  1.112815 
736.767578 20.171094 1.288282  1.112987 
736.865234 20.170016 1.287989  1.113159 
736.962891 20.168939 1.287697  1.113331 
737.060547 20.167862 1.287405  1.113502 
737.158203 20.166785 1.287114  1.113672 
737.255859 20.165708 1.286822  1.113843 
737.353516 20.164632 1.286531  1.114013 
737.451172 20.163555 1.286240  1.114182 
737.548828 20.162479 1.285950  1.114352 
737.646484 20.161403 1.285659  1.114521 
737.744141 20.160326 1.285369  1.114689 
737.841797 20.159251 1.285079  1.114858 
737.939453 20.158175 1.284790  1.115026 
738.037109 20.157099 1.284501  1.115193 
738.134766 20.156024 1.284212  1.115361 
738.232422 20.154948 1.283923  1.115528 
738.330078 20.153873 1.283634  1.115694 
738.427734 20.152798 1.283346  1.115860 
738.525391 20.151723 1.283058  1.116026 
738.623047 20.150648 1.282770  1.116192 
738.720703 20.149574 1.282483  1.116357 
738.818359 20.148499 1.282196  1.116522 
738.916016 20.147425 1.281909  1.116687 
739.013672 20.146351 1.281622  1.116851 
739.111328 20.145277 1.281336  1.117015 
739.208984 20.144203 1.281050  1.117178 
739.306641 20.143129 1.280764  1.117342 
739.404297 20.142055 1.280478  1.117505 
739.501953 20.140982 1.280193  1.117667 
739.599609 20.139909 1.279908  1.117829 
739.697266 20.138835 1.279623  1.117991 
739.794922 20.137762 1.279339  1.118153 
739.892578 20.136689 1.279054  1.118314 
739.990234 20.135617 1.278770  1.118475 
740.087891 20.134544 1.278486  1.118636 
740.185547 20.133472 1.278203  1.118796 
740.283203 20.132399 1.277920  1.118956 
740.380859 20.131327 1.277637  1.119116 
740.478516 20.130255 1.277354  1.119275 
740.576172 20.129183 1.277071  1.119434 
740.673828 20.128111 1.276789  1.119593 
740.771484 20.127040 1.276507  1.119751 
740.869141 20.125968 1.276226  1.119909 
740.966797 20.124897 1.275944  1.120066 
741.064453 20.123826 1.275663  1.120224 
741.162109 20.122755 1.275382  1.120381 
741.259766 20.121684 1.275101  1.120538 
741.357422 20.120613 1.274821  1.120694 
741.455078 20.119543 1.274541  1.120850 
741.552734 20.118472 1.274261  1.121006 
741.650391 20.117402 1.273981  1.121161 
741.748047 20.116332 1.273702  1.121316 
741.845703 20.115262 1.273423  1.121471 
741.943359 20.114192 1.273144  1.121625 
742.041016 20.113122 1.272865  1.121779 
742.138672 20.112053 1.272587  1.121933 
742.236328 20.110983 1.272309  1.122087 
742.333984 20.109914 1.272031  1.122240 
742.431641 20.108845 1.271753  1.122393 
742.529297 20.107776 1.271476  1.122545 
742.626953 20.106707 1.271199  1.122697 
742.724609 20.105638 1.270922  1.122849 
742.822266 20.104569 1.270646  1.123001 
742.919922 20.103501 1.270369  1.123152 
743.017578 20.102433 1.270093  1.123303 
743.115234 20.101365 1.269818  1.123454 
743.212891 20.100297 1.269542  1.123604 
743.310547 20.099229 1.269267  1.123754 
743.408203 20.098161 1.268992  1.123904 
743.505859 20.097093 1.268717  1.124053 
743.603516 20.096026 1.268443  1.124202 
743.701172 20.094959 1.268168  1.124351 
743.798828 20.093891 1.267894  1.124499 
743.896484 20.092824 1.267621  1.124648 
743.994141 20.091758 1.267347  1.124795 
744.091797 20.090691 1.267074  1.124943 
744.189453 20.089624 1.266801  1.125090 
744.287109 20.088558 1.266528  1.125237 
744.384766 20.087491 1.266256  1.125384 
744.482422 20.086425 1.265983  1.125530 
744.580078 20.085359 1.265711  1.125676 
744.677734 20.084293 1.265440  1.125822 
744.775391 20.083228 1.265168  1.125967 
744.873047 20.082162 1.264897  1.126112 
744.970703 20.081097 1.264626  1.126257 
745.068359 20.080031 1.264355  1.126401 
745.166016 20.078966 1.264085  1.126545 
745.263672 20.077901 1.263815  1.126689 
745.361328 20.076836 1.263545  1.126833 
745.458984 20.075771 1.263275  1.126976 
745.556641 20.074707 1.263006  1.127119 
745.654297 20.073642 1.262736  1.127262 
745.751953 20.072578 1.262467  1.127404 
745.849609 20.071514 1.262199  1.127546 
745.947266 20.070450 1.261930  1.127688 
746.044922 20.069386 1.261662  1.127829 
746.142578 20.068322 1.261394  1.127970 
746.240234 20.067259 1.261126  1.128111 
746.337891 20.066195 1.260859  1.128251 
746.435547 20.065132 1.260592  1.128392 
746.533203 20.064069 1.260325  1.128532 
746.630859 20.063006 1.260058  1.128671 
746.728516 20.061943 1.259792  1.128811 
746.826172 20.060880 1.259525  1.128950 
746.923828 20.059817 1.259260  1.129088 
747.021484 20.058755 1.258994  1.129227 
747.119141 20.057693 1.258728  1.129365 
747.216797 20.056630 1.258463  1.129503 
747.314453 20.055568 1.258198  1.129640 
747.412109 20.054507 1.257933  1.129778 
747.509766 20.053445 1.257669  1.129915 
747.607422 20.052383 1.257405  1.130051 
747.705078 20.051322 1.257141  1.130188 
747.802734 20.050260 1.256877  1.130324 
747.900391 20.049199 1.256614  1.130460 
747.998047 20.048138 1.256350  1.130595 
748.095703 20.047077 1.256087  1.130730 
748.193359 20.046016 1.255825  1.130865 
748.291016 20.044956 1.255562  1.131000 
748.388672 20.043895 1.255300  1.131134 
748.486328 20.042835 1.255038  1.131268 
748.583984 20.041775 1.254776  1.131402 
748.681641 20.040715 1.254515  1.131536 
748.779297 20.039655 1.254253  1.131669 
748.876953 20.038595 1.253992  1.131802 
748.974609 20.037535 1.253732  1.131934 
749.072266 20.036476 1.253471  1.132067 
749.169922 20.035416 1.253211  1.132199 
749.267578 20.034357 1.252951  1.132331 
749.365234 20.033298 1.252691  1.132462 
749.462891 20.032239 1.252431  1.132593 
749.560547 20.031180 1.252172  1.132724 
749.658203 20.030122 1.251913  1.132855 
749.755859 20.029063 1.251654  1.132985 
749.853516 20.028005 1.251396  1.133115 
749.951172 20.026947 1.251137  1.133245 
