freqs     stokes_i  stokes_q  stokes_u 
550.048828 32.246026 0.000000  0.000000 
550.146484 32.242272 0.000000  0.000000 
550.244141 32.238518 0.000000  0.000000 
550.341797 32.234765 0.000000  0.000000 
550.439453 32.231013 0.000000  0.000000 
550.537109 32.227262 0.000000  0.000000 
550.634766 32.223512 0.000000  0.000000 
550.732422 32.219763 0.000000  0.000000 
550.830078 32.216015 0.000000  0.000000 
550.927734 32.212268 0.000000  0.000000 
551.025391 32.208521 0.000000  0.000000 
551.123047 32.204776 0.000000  0.000000 
551.220703 32.201032 0.000000  0.000000 
551.318359 32.197288 0.000000  0.000000 
551.416016 32.193545 0.000000  0.000000 
551.513672 32.189804 0.000000  0.000000 
551.611328 32.186063 0.000000  0.000000 
551.708984 32.182323 0.000000  0.000000 
551.806641 32.178584 0.000000  0.000000 
551.904297 32.174846 0.000000  0.000000 
552.001953 32.171109 0.000000  0.000000 
552.099609 32.167373 0.000000  0.000000 
552.197266 32.163638 0.000000  0.000000 
552.294922 32.159904 0.000000  0.000000 
552.392578 32.156171 0.000000  0.000000 
552.490234 32.152438 0.000000  0.000000 
552.587891 32.148707 0.000000  0.000000 
552.685547 32.144976 0.000000  0.000000 
552.783203 32.141247 0.000000  0.000000 
552.880859 32.137518 0.000000  0.000000 
552.978516 32.133790 0.000000  0.000000 
553.076172 32.130064 0.000000  0.000000 
553.173828 32.126338 0.000000  0.000000 
553.271484 32.122613 0.000000  0.000000 
553.369141 32.118889 0.000000  0.000000 
553.466797 32.115165 0.000000  0.000000 
553.564453 32.111443 0.000000  0.000000 
553.662109 32.107722 0.000000  0.000000 
553.759766 32.104002 0.000000  0.000000 
553.857422 32.100282 0.000000  0.000000 
553.955078 32.096564 0.000000  0.000000 
554.052734 32.092846 0.000000  0.000000 
554.150391 32.089129 0.000000  0.000000 
554.248047 32.085414 0.000000  0.000000 
554.345703 32.081699 0.000000  0.000000 
554.443359 32.077985 0.000000  0.000000 
554.541016 32.074272 0.000000  0.000000 
554.638672 32.070560 0.000000  0.000000 
554.736328 32.066849 0.000000  0.000000 
554.833984 32.063138 0.000000  0.000000 
554.931641 32.059429 0.000000  0.000000 
555.029297 32.055721 0.000000  0.000000 
555.126953 32.052013 0.000000  0.000000 
555.224609 32.048306 0.000000  0.000000 
555.322266 32.044601 0.000000  0.000000 
555.419922 32.040896 0.000000  0.000000 
555.517578 32.037192 0.000000  0.000000 
555.615234 32.033489 0.000000  0.000000 
555.712891 32.029787 0.000000  0.000000 
555.810547 32.026086 0.000000  0.000000 
555.908203 32.022386 0.000000  0.000000 
556.005859 32.018687 0.000000  0.000000 
556.103516 32.014988 0.000000  0.000000 
556.201172 32.011291 0.000000  0.000000 
556.298828 32.007594 0.000000  0.000000 
556.396484 32.003899 0.000000  0.000000 
556.494141 32.000204 0.000000  0.000000 
556.591797 31.996510 0.000000  0.000000 
556.689453 31.992817 0.000000  0.000000 
556.787109 31.989125 0.000000  0.000000 
556.884766 31.985434 0.000000  0.000000 
556.982422 31.981744 0.000000  0.000000 
557.080078 31.978055 0.000000  0.000000 
557.177734 31.974366 0.000000  0.000000 
557.275391 31.970679 0.000000  0.000000 
557.373047 31.966993 0.000000  0.000000 
557.470703 31.963307 0.000000  0.000000 
557.568359 31.959622 0.000000  0.000000 
557.666016 31.955938 0.000000  0.000000 
557.763672 31.952255 0.000000  0.000000 
557.861328 31.948573 0.000000  0.000000 
557.958984 31.944892 0.000000  0.000000 
558.056641 31.941212 0.000000  0.000000 
558.154297 31.937533 0.000000  0.000000 
558.251953 31.933855 0.000000  0.000000 
558.349609 31.930177 0.000000  0.000000 
558.447266 31.926501 0.000000  0.000000 
558.544922 31.922825 0.000000  0.000000 
558.642578 31.919150 0.000000  0.000000 
558.740234 31.915476 0.000000  0.000000 
558.837891 31.911803 0.000000  0.000000 
558.935547 31.908131 0.000000  0.000000 
559.033203 31.904460 0.000000  0.000000 
559.130859 31.900790 0.000000  0.000000 
559.228516 31.897121 0.000000  0.000000 
559.326172 31.893452 0.000000  0.000000 
559.423828 31.889785 0.000000  0.000000 
559.521484 31.886118 0.000000  0.000000 
559.619141 31.882452 0.000000  0.000000 
559.716797 31.878787 0.000000  0.000000 
559.814453 31.875123 0.000000  0.000000 
559.912109 31.871460 0.000000  0.000000 
560.009766 31.867798 0.000000  0.000000 
560.107422 31.864137 0.000000  0.000000 
560.205078 31.860477 0.000000  0.000000 
560.302734 31.856817 0.000000  0.000000 
560.400391 31.853159 0.000000  0.000000 
560.498047 31.849501 0.000000  0.000000 
560.595703 31.845844 0.000000  0.000000 
560.693359 31.842188 0.000000  0.000000 
560.791016 31.838533 0.000000  0.000000 
560.888672 31.834879 0.000000  0.000000 
560.986328 31.831226 0.000000  0.000000 
561.083984 31.827574 0.000000  0.000000 
561.181641 31.823922 0.000000  0.000000 
561.279297 31.820272 0.000000  0.000000 
561.376953 31.816622 0.000000  0.000000 
561.474609 31.812974 0.000000  0.000000 
561.572266 31.809326 0.000000  0.000000 
561.669922 31.805679 0.000000  0.000000 
561.767578 31.802033 0.000000  0.000000 
561.865234 31.798388 0.000000  0.000000 
561.962891 31.794744 0.000000  0.000000 
562.060547 31.791100 0.000000  0.000000 
562.158203 31.787458 0.000000  0.000000 
562.255859 31.783816 0.000000  0.000000 
562.353516 31.780175 0.000000  0.000000 
562.451172 31.776536 0.000000  0.000000 
562.548828 31.772897 0.000000  0.000000 
562.646484 31.769259 0.000000  0.000000 
562.744141 31.765622 0.000000  0.000000 
562.841797 31.761985 0.000000  0.000000 
562.939453 31.758350 0.000000  0.000000 
563.037109 31.754716 0.000000  0.000000 
563.134766 31.751082 0.000000  0.000000 
563.232422 31.747449 0.000000  0.000000 
563.330078 31.743817 0.000000  0.000000 
563.427734 31.740187 0.000000  0.000000 
563.525391 31.736557 0.000000  0.000000 
563.623047 31.732927 0.000000  0.000000 
563.720703 31.729299 0.000000  0.000000 
563.818359 31.725672 0.000000  0.000000 
563.916016 31.722045 0.000000  0.000000 
564.013672 31.718420 0.000000  0.000000 
564.111328 31.714795 0.000000  0.000000 
564.208984 31.711171 0.000000  0.000000 
564.306641 31.707548 0.000000  0.000000 
564.404297 31.703926 0.000000  0.000000 
564.501953 31.700305 0.000000  0.000000 
564.599609 31.696685 0.000000  0.000000 
564.697266 31.693065 0.000000  0.000000 
564.794922 31.689447 0.000000  0.000000 
564.892578 31.685829 0.000000  0.000000 
564.990234 31.682212 0.000000  0.000000 
565.087891 31.678596 0.000000  0.000000 
565.185547 31.674981 0.000000  0.000000 
565.283203 31.671367 0.000000  0.000000 
565.380859 31.667754 0.000000  0.000000 
565.478516 31.664141 0.000000  0.000000 
565.576172 31.660530 0.000000  0.000000 
565.673828 31.656919 0.000000  0.000000 
565.771484 31.653310 0.000000  0.000000 
565.869141 31.649701 0.000000  0.000000 
565.966797 31.646093 0.000000  0.000000 
566.064453 31.642486 0.000000  0.000000 
566.162109 31.638879 0.000000  0.000000 
566.259766 31.635274 0.000000  0.000000 
566.357422 31.631670 0.000000  0.000000 
566.455078 31.628066 0.000000  0.000000 
566.552734 31.624463 0.000000  0.000000 
566.650391 31.620861 0.000000  0.000000 
566.748047 31.617260 0.000000  0.000000 
566.845703 31.613660 0.000000  0.000000 
566.943359 31.610061 0.000000  0.000000 
567.041016 31.606463 0.000000  0.000000 
567.138672 31.602865 0.000000  0.000000 
567.236328 31.599269 0.000000  0.000000 
567.333984 31.595673 0.000000  0.000000 
567.431641 31.592078 0.000000  0.000000 
567.529297 31.588484 0.000000  0.000000 
567.626953 31.584891 0.000000  0.000000 
567.724609 31.581299 0.000000  0.000000 
567.822266 31.577707 0.000000  0.000000 
567.919922 31.574117 0.000000  0.000000 
568.017578 31.570527 0.000000  0.000000 
568.115234 31.566938 0.000000  0.000000 
568.212891 31.563350 0.000000  0.000000 
568.310547 31.559763 0.000000  0.000000 
568.408203 31.556177 0.000000  0.000000 
568.505859 31.552592 0.000000  0.000000 
568.603516 31.549007 0.000000  0.000000 
568.701172 31.545424 0.000000  0.000000 
568.798828 31.541841 0.000000  0.000000 
568.896484 31.538259 0.000000  0.000000 
568.994141 31.534678 0.000000  0.000000 
569.091797 31.531098 0.000000  0.000000 
569.189453 31.527519 0.000000  0.000000 
569.287109 31.523941 0.000000  0.000000 
569.384766 31.520363 0.000000  0.000000 
569.482422 31.516787 0.000000  0.000000 
569.580078 31.513211 0.000000  0.000000 
569.677734 31.509636 0.000000  0.000000 
569.775391 31.506062 0.000000  0.000000 
569.873047 31.502489 0.000000  0.000000 
569.970703 31.498916 0.000000  0.000000 
570.068359 31.495345 0.000000  0.000000 
570.166016 31.491774 0.000000  0.000000 
570.263672 31.488205 0.000000  0.000000 
570.361328 31.484636 0.000000  0.000000 
570.458984 31.481068 0.000000  0.000000 
570.556641 31.477501 0.000000  0.000000 
570.654297 31.473934 0.000000  0.000000 
570.751953 31.470369 0.000000  0.000000 
570.849609 31.466804 0.000000  0.000000 
570.947266 31.463241 0.000000  0.000000 
571.044922 31.459678 0.000000  0.000000 
571.142578 31.456116 0.000000  0.000000 
571.240234 31.452555 0.000000  0.000000 
571.337891 31.448995 0.000000  0.000000 
571.435547 31.445435 0.000000  0.000000 
571.533203 31.441877 0.000000  0.000000 
571.630859 31.438319 0.000000  0.000000 
571.728516 31.434762 0.000000  0.000000 
571.826172 31.431206 0.000000  0.000000 
571.923828 31.427651 0.000000  0.000000 
572.021484 31.424097 0.000000  0.000000 
572.119141 31.420543 0.000000  0.000000 
572.216797 31.416991 0.000000  0.000000 
572.314453 31.413439 0.000000  0.000000 
572.412109 31.409888 0.000000  0.000000 
572.509766 31.406338 0.000000  0.000000 
572.607422 31.402789 0.000000  0.000000 
572.705078 31.399241 0.000000  0.000000 
572.802734 31.395694 0.000000  0.000000 
572.900391 31.392147 0.000000  0.000000 
572.998047 31.388601 0.000000  0.000000 
573.095703 31.385057 0.000000  0.000000 
573.193359 31.381513 0.000000  0.000000 
573.291016 31.377969 0.000000  0.000000 
573.388672 31.374427 0.000000  0.000000 
573.486328 31.370886 0.000000  0.000000 
573.583984 31.367345 0.000000  0.000000 
573.681641 31.363805 0.000000  0.000000 
573.779297 31.360266 0.000000  0.000000 
573.876953 31.356728 0.000000  0.000000 
573.974609 31.353191 0.000000  0.000000 
574.072266 31.349655 0.000000  0.000000 
574.169922 31.346119 0.000000  0.000000 
574.267578 31.342585 0.000000  0.000000 
574.365234 31.339051 0.000000  0.000000 
574.462891 31.335518 0.000000  0.000000 
574.560547 31.331986 0.000000  0.000000 
574.658203 31.328455 0.000000  0.000000 
574.755859 31.324924 0.000000  0.000000 
574.853516 31.321395 0.000000  0.000000 
574.951172 31.317866 0.000000  0.000000 
575.048828 31.314338 0.000000  0.000000 
575.146484 31.310811 0.000000  0.000000 
575.244141 31.307285 0.000000  0.000000 
575.341797 31.303760 0.000000  0.000000 
575.439453 31.300235 0.000000  0.000000 
575.537109 31.296712 0.000000  0.000000 
575.634766 31.293189 0.000000  0.000000 
575.732422 31.289667 0.000000  0.000000 
575.830078 31.286146 0.000000  0.000000 
575.927734 31.282626 0.000000  0.000000 
576.025391 31.279106 0.000000  0.000000 
576.123047 31.275588 0.000000  0.000000 
576.220703 31.272070 0.000000  0.000000 
576.318359 31.268553 0.000000  0.000000 
576.416016 31.265037 0.000000  0.000000 
576.513672 31.261522 0.000000  0.000000 
576.611328 31.258007 0.000000  0.000000 
576.708984 31.254494 0.000000  0.000000 
576.806641 31.250981 0.000000  0.000000 
576.904297 31.247469 0.000000  0.000000 
577.001953 31.243958 0.000000  0.000000 
577.099609 31.240448 0.000000  0.000000 
577.197266 31.236939 0.000000  0.000000 
577.294922 31.233431 0.000000  0.000000 
577.392578 31.229923 0.000000  0.000000 
577.490234 31.226416 0.000000  0.000000 
577.587891 31.222910 0.000000  0.000000 
577.685547 31.219405 0.000000  0.000000 
577.783203 31.215901 0.000000  0.000000 
577.880859 31.212397 0.000000  0.000000 
577.978516 31.208895 0.000000  0.000000 
578.076172 31.205393 0.000000  0.000000 
578.173828 31.201892 0.000000  0.000000 
578.271484 31.198392 0.000000  0.000000 
578.369141 31.194893 0.000000  0.000000 
578.466797 31.191394 0.000000  0.000000 
578.564453 31.187897 0.000000  0.000000 
578.662109 31.184400 0.000000  0.000000 
578.759766 31.180904 0.000000  0.000000 
578.857422 31.177409 0.000000  0.000000 
578.955078 31.173915 0.000000  0.000000 
579.052734 31.170421 0.000000  0.000000 
579.150391 31.166929 0.000000  0.000000 
579.248047 31.163437 0.000000  0.000000 
579.345703 31.159946 0.000000  0.000000 
579.443359 31.156456 0.000000  0.000000 
579.541016 31.152967 0.000000  0.000000 
579.638672 31.149478 0.000000  0.000000 
579.736328 31.145991 0.000000  0.000000 
579.833984 31.142504 0.000000  0.000000 
579.931641 31.139018 0.000000  0.000000 
580.029297 31.135533 0.000000  0.000000 
580.126953 31.132049 0.000000  0.000000 
580.224609 31.128565 0.000000  0.000000 
580.322266 31.125082 0.000000  0.000000 
580.419922 31.121601 0.000000  0.000000 
580.517578 31.118120 0.000000  0.000000 
580.615234 31.114640 0.000000  0.000000 
580.712891 31.111160 0.000000  0.000000 
580.810547 31.107682 0.000000  0.000000 
580.908203 31.104204 0.000000  0.000000 
581.005859 31.100727 0.000000  0.000000 
581.103516 31.097251 0.000000  0.000000 
581.201172 31.093776 0.000000  0.000000 
581.298828 31.090302 0.000000  0.000000 
581.396484 31.086828 0.000000  0.000000 
581.494141 31.083356 0.000000  0.000000 
581.591797 31.079884 0.000000  0.000000 
581.689453 31.076413 0.000000  0.000000 
581.787109 31.072943 0.000000  0.000000 
581.884766 31.069473 0.000000  0.000000 
581.982422 31.066005 0.000000  0.000000 
582.080078 31.062537 0.000000  0.000000 
582.177734 31.059070 0.000000  0.000000 
582.275391 31.055604 0.000000  0.000000 
582.373047 31.052139 0.000000  0.000000 
582.470703 31.048674 0.000000  0.000000 
582.568359 31.045211 0.000000  0.000000 
582.666016 31.041748 0.000000  0.000000 
582.763672 31.038286 0.000000  0.000000 
582.861328 31.034825 0.000000  0.000000 
582.958984 31.031364 0.000000  0.000000 
583.056641 31.027905 0.000000  0.000000 
583.154297 31.024446 0.000000  0.000000 
583.251953 31.020988 0.000000  0.000000 
583.349609 31.017531 0.000000  0.000000 
583.447266 31.014075 0.000000  0.000000 
583.544922 31.010619 0.000000  0.000000 
583.642578 31.007165 0.000000  0.000000 
583.740234 31.003711 0.000000  0.000000 
583.837891 31.000258 0.000000  0.000000 
583.935547 30.996806 0.000000  0.000000 
584.033203 30.993355 0.000000  0.000000 
584.130859 30.989904 0.000000  0.000000 
584.228516 30.986454 0.000000  0.000000 
584.326172 30.983006 0.000000  0.000000 
584.423828 30.979557 0.000000  0.000000 
584.521484 30.976110 0.000000  0.000000 
584.619141 30.972664 0.000000  0.000000 
584.716797 30.969218 0.000000  0.000000 
584.814453 30.965773 0.000000  0.000000 
584.912109 30.962329 0.000000  0.000000 
585.009766 30.958886 0.000000  0.000000 
585.107422 30.955444 0.000000  0.000000 
585.205078 30.952002 0.000000  0.000000 
585.302734 30.948562 0.000000  0.000000 
585.400391 30.945122 0.000000  0.000000 
585.498047 30.941683 0.000000  0.000000 
585.595703 30.938244 0.000000  0.000000 
585.693359 30.934807 0.000000  0.000000 
585.791016 30.931370 0.000000  0.000000 
585.888672 30.927934 0.000000  0.000000 
585.986328 30.924499 0.000000  0.000000 
586.083984 30.921065 0.000000  0.000000 
586.181641 30.917632 0.000000  0.000000 
586.279297 30.914199 0.000000  0.000000 
586.376953 30.910767 0.000000  0.000000 
586.474609 30.907336 0.000000  0.000000 
586.572266 30.903906 0.000000  0.000000 
586.669922 30.900477 0.000000  0.000000 
586.767578 30.897048 0.000000  0.000000 
586.865234 30.893620 0.000000  0.000000 
586.962891 30.890193 0.000000  0.000000 
587.060547 30.886767 0.000000  0.000000 
587.158203 30.883342 0.000000  0.000000 
587.255859 30.879917 0.000000  0.000000 
587.353516 30.876494 0.000000  0.000000 
587.451172 30.873071 0.000000  0.000000 
587.548828 30.869649 0.000000  0.000000 
587.646484 30.866227 0.000000  0.000000 
587.744141 30.862807 0.000000  0.000000 
587.841797 30.859387 0.000000  0.000000 
587.939453 30.855968 0.000000  0.000000 
588.037109 30.852550 0.000000  0.000000 
588.134766 30.849133 0.000000  0.000000 
588.232422 30.845716 0.000000  0.000000 
588.330078 30.842301 0.000000  0.000000 
588.427734 30.838886 0.000000  0.000000 
588.525391 30.835472 0.000000  0.000000 
588.623047 30.832059 0.000000  0.000000 
588.720703 30.828646 0.000000  0.000000 
588.818359 30.825234 0.000000  0.000000 
588.916016 30.821824 0.000000  0.000000 
589.013672 30.818414 0.000000  0.000000 
589.111328 30.815004 0.000000  0.000000 
589.208984 30.811596 0.000000  0.000000 
589.306641 30.808188 0.000000  0.000000 
589.404297 30.804781 0.000000  0.000000 
589.501953 30.801375 0.000000  0.000000 
589.599609 30.797970 0.000000  0.000000 
589.697266 30.794566 0.000000  0.000000 
589.794922 30.791162 0.000000  0.000000 
589.892578 30.787759 0.000000  0.000000 
589.990234 30.784357 0.000000  0.000000 
590.087891 30.780956 0.000000  0.000000 
590.185547 30.777556 0.000000  0.000000 
590.283203 30.774156 0.000000  0.000000 
590.380859 30.770757 0.000000  0.000000 
590.478516 30.767359 0.000000  0.000000 
590.576172 30.763962 0.000000  0.000000 
590.673828 30.760565 0.000000  0.000000 
590.771484 30.757170 0.000000  0.000000 
590.869141 30.753775 0.000000  0.000000 
590.966797 30.750381 0.000000  0.000000 
591.064453 30.746987 0.000000  0.000000 
591.162109 30.743595 0.000000  0.000000 
591.259766 30.740203 0.000000  0.000000 
591.357422 30.736812 0.000000  0.000000 
591.455078 30.733422 0.000000  0.000000 
591.552734 30.730033 0.000000  0.000000 
591.650391 30.726645 0.000000  0.000000 
591.748047 30.723257 0.000000  0.000000 
591.845703 30.719870 0.000000  0.000000 
591.943359 30.716484 0.000000  0.000000 
592.041016 30.713098 0.000000  0.000000 
592.138672 30.709714 0.000000  0.000000 
592.236328 30.706330 0.000000  0.000000 
592.333984 30.702947 0.000000  0.000000 
592.431641 30.699565 0.000000  0.000000 
592.529297 30.696184 0.000000  0.000000 
592.626953 30.692803 0.000000  0.000000 
592.724609 30.689423 0.000000  0.000000 
592.822266 30.686044 0.000000  0.000000 
592.919922 30.682666 0.000000  0.000000 
593.017578 30.679289 0.000000  0.000000 
593.115234 30.675912 0.000000  0.000000 
593.212891 30.672536 0.000000  0.000000 
593.310547 30.669161 0.000000  0.000000 
593.408203 30.665787 0.000000  0.000000 
593.505859 30.662413 0.000000  0.000000 
593.603516 30.659041 0.000000  0.000000 
593.701172 30.655669 0.000000  0.000000 
593.798828 30.652298 0.000000  0.000000 
593.896484 30.648927 0.000000  0.000000 
593.994141 30.645558 0.000000  0.000000 
594.091797 30.642189 0.000000  0.000000 
594.189453 30.638821 0.000000  0.000000 
594.287109 30.635454 0.000000  0.000000 
594.384766 30.632088 0.000000  0.000000 
594.482422 30.628722 0.000000  0.000000 
594.580078 30.625357 0.000000  0.000000 
594.677734 30.621993 0.000000  0.000000 
594.775391 30.618630 0.000000  0.000000 
594.873047 30.615267 0.000000  0.000000 
594.970703 30.611906 0.000000  0.000000 
595.068359 30.608545 0.000000  0.000000 
595.166016 30.605185 0.000000  0.000000 
595.263672 30.601825 0.000000  0.000000 
595.361328 30.598467 0.000000  0.000000 
595.458984 30.595109 0.000000  0.000000 
595.556641 30.591752 0.000000  0.000000 
595.654297 30.588396 0.000000  0.000000 
595.751953 30.585041 0.000000  0.000000 
595.849609 30.581686 0.000000  0.000000 
595.947266 30.578332 0.000000  0.000000 
596.044922 30.574979 0.000000  0.000000 
596.142578 30.571627 0.000000  0.000000 
596.240234 30.568275 0.000000  0.000000 
596.337891 30.564924 0.000000  0.000000 
596.435547 30.561574 0.000000  0.000000 
596.533203 30.558225 0.000000  0.000000 
596.630859 30.554877 0.000000  0.000000 
596.728516 30.551529 0.000000  0.000000 
596.826172 30.548182 0.000000  0.000000 
596.923828 30.544836 0.000000  0.000000 
597.021484 30.541491 0.000000  0.000000 
597.119141 30.538147 0.000000  0.000000 
597.216797 30.534803 0.000000  0.000000 
597.314453 30.531460 0.000000  0.000000 
597.412109 30.528118 0.000000  0.000000 
597.509766 30.524776 0.000000  0.000000 
597.607422 30.521436 0.000000  0.000000 
597.705078 30.518096 0.000000  0.000000 
597.802734 30.514757 0.000000  0.000000 
597.900391 30.511418 0.000000  0.000000 
597.998047 30.508081 0.000000  0.000000 
598.095703 30.504744 0.000000  0.000000 
598.193359 30.501408 0.000000  0.000000 
598.291016 30.498073 0.000000  0.000000 
598.388672 30.494739 0.000000  0.000000 
598.486328 30.491405 0.000000  0.000000 
598.583984 30.488072 0.000000  0.000000 
598.681641 30.484740 0.000000  0.000000 
598.779297 30.481409 0.000000  0.000000 
598.876953 30.478078 0.000000  0.000000 
598.974609 30.474748 0.000000  0.000000 
599.072266 30.471419 0.000000  0.000000 
599.169922 30.468091 0.000000  0.000000 
599.267578 30.464764 0.000000  0.000000 
599.365234 30.461437 0.000000  0.000000 
599.462891 30.458111 0.000000  0.000000 
599.560547 30.454786 0.000000  0.000000 
599.658203 30.451461 0.000000  0.000000 
599.755859 30.448138 0.000000  0.000000 
599.853516 30.444815 0.000000  0.000000 
599.951172 30.441493 0.000000  0.000000 
600.048828 30.438172 0.000000  0.000000 
600.146484 30.434851 0.000000  0.000000 
600.244141 30.431531 0.000000  0.000000 
600.341797 30.428212 0.000000  0.000000 
600.439453 30.424894 0.000000  0.000000 
600.537109 30.421576 0.000000  0.000000 
600.634766 30.418260 0.000000  0.000000 
600.732422 30.414944 0.000000  0.000000 
600.830078 30.411629 0.000000  0.000000 
600.927734 30.408314 0.000000  0.000000 
601.025391 30.405001 0.000000  0.000000 
601.123047 30.401688 0.000000  0.000000 
601.220703 30.398376 0.000000  0.000000 
601.318359 30.395064 0.000000  0.000000 
601.416016 30.391754 0.000000  0.000000 
601.513672 30.388444 0.000000  0.000000 
601.611328 30.385135 0.000000  0.000000 
601.708984 30.381827 0.000000  0.000000 
601.806641 30.378519 0.000000  0.000000 
601.904297 30.375212 0.000000  0.000000 
602.001953 30.371906 0.000000  0.000000 
602.099609 30.368601 0.000000  0.000000 
602.197266 30.365297 0.000000  0.000000 
602.294922 30.361993 0.000000  0.000000 
602.392578 30.358690 0.000000  0.000000 
602.490234 30.355388 0.000000  0.000000 
602.587891 30.352086 0.000000  0.000000 
602.685547 30.348786 0.000000  0.000000 
602.783203 30.345486 0.000000  0.000000 
602.880859 30.342187 0.000000  0.000000 
602.978516 30.338888 0.000000  0.000000 
603.076172 30.335591 0.000000  0.000000 
603.173828 30.332294 0.000000  0.000000 
603.271484 30.328998 0.000000  0.000000 
603.369141 30.325702 0.000000  0.000000 
603.466797 30.322408 0.000000  0.000000 
603.564453 30.319114 0.000000  0.000000 
603.662109 30.315821 0.000000  0.000000 
603.759766 30.312529 0.000000  0.000000 
603.857422 30.309237 0.000000  0.000000 
603.955078 30.305946 0.000000  0.000000 
604.052734 30.302656 0.000000  0.000000 
604.150391 30.299367 0.000000  0.000000 
604.248047 30.296079 0.000000  0.000000 
604.345703 30.292791 0.000000  0.000000 
604.443359 30.289504 0.000000  0.000000 
604.541016 30.286218 0.000000  0.000000 
604.638672 30.282932 0.000000  0.000000 
604.736328 30.279647 0.000000  0.000000 
604.833984 30.276363 0.000000  0.000000 
604.931641 30.273080 0.000000  0.000000 
605.029297 30.269798 0.000000  0.000000 
605.126953 30.266516 0.000000  0.000000 
605.224609 30.263235 0.000000  0.000000 
605.322266 30.259955 0.000000  0.000000 
605.419922 30.256675 0.000000  0.000000 
605.517578 30.253397 0.000000  0.000000 
605.615234 30.250119 0.000000  0.000000 
605.712891 30.246842 0.000000  0.000000 
605.810547 30.243565 0.000000  0.000000 
605.908203 30.240290 0.000000  0.000000 
606.005859 30.237015 0.000000  0.000000 
606.103516 30.233740 0.000000  0.000000 
606.201172 30.230467 0.000000  0.000000 
606.298828 30.227194 0.000000  0.000000 
606.396484 30.223922 0.000000  0.000000 
606.494141 30.220651 0.000000  0.000000 
606.591797 30.217381 0.000000  0.000000 
606.689453 30.214111 0.000000  0.000000 
606.787109 30.210842 0.000000  0.000000 
606.884766 30.207574 0.000000  0.000000 
606.982422 30.204307 0.000000  0.000000 
607.080078 30.201040 0.000000  0.000000 
607.177734 30.197774 0.000000  0.000000 
607.275391 30.194509 0.000000  0.000000 
607.373047 30.191244 0.000000  0.000000 
607.470703 30.187981 0.000000  0.000000 
607.568359 30.184718 0.000000  0.000000 
607.666016 30.181456 0.000000  0.000000 
607.763672 30.178194 0.000000  0.000000 
607.861328 30.174933 0.000000  0.000000 
607.958984 30.171673 0.000000  0.000000 
608.056641 30.168414 0.000000  0.000000 
608.154297 30.165156 0.000000  0.000000 
608.251953 30.161898 0.000000  0.000000 
608.349609 30.158641 0.000000  0.000000 
608.447266 30.155385 0.000000  0.000000 
608.544922 30.152129 0.000000  0.000000 
608.642578 30.148875 0.000000  0.000000 
608.740234 30.145621 0.000000  0.000000 
608.837891 30.142368 0.000000  0.000000 
608.935547 30.139115 0.000000  0.000000 
609.033203 30.135863 0.000000  0.000000 
609.130859 30.132612 0.000000  0.000000 
609.228516 30.129362 0.000000  0.000000 
609.326172 30.126112 0.000000  0.000000 
609.423828 30.122864 0.000000  0.000000 
609.521484 30.119616 0.000000  0.000000 
609.619141 30.116368 0.000000  0.000000 
609.716797 30.113122 0.000000  0.000000 
609.814453 30.109876 0.000000  0.000000 
609.912109 30.106631 0.000000  0.000000 
610.009766 30.103387 0.000000  0.000000 
610.107422 30.100143 0.000000  0.000000 
610.205078 30.096900 0.000000  0.000000 
610.302734 30.093658 0.000000  0.000000 
610.400391 30.090417 0.000000  0.000000 
610.498047 30.087176 0.000000  0.000000 
610.595703 30.083936 0.000000  0.000000 
610.693359 30.080697 0.000000  0.000000 
610.791016 30.077459 0.000000  0.000000 
610.888672 30.074221 0.000000  0.000000 
610.986328 30.070984 0.000000  0.000000 
611.083984 30.067748 0.000000  0.000000 
611.181641 30.064512 0.000000  0.000000 
611.279297 30.061278 0.000000  0.000000 
611.376953 30.058044 0.000000  0.000000 
611.474609 30.054810 0.000000  0.000000 
611.572266 30.051578 0.000000  0.000000 
611.669922 30.048346 0.000000  0.000000 
611.767578 30.045115 0.000000  0.000000 
611.865234 30.041885 0.000000  0.000000 
611.962891 30.038655 0.000000  0.000000 
612.060547 30.035426 0.000000  0.000000 
612.158203 30.032198 0.000000  0.000000 
612.255859 30.028971 0.000000  0.000000 
612.353516 30.025744 0.000000  0.000000 
612.451172 30.022518 0.000000  0.000000 
612.548828 30.019293 0.000000  0.000000 
612.646484 30.016069 0.000000  0.000000 
612.744141 30.012845 0.000000  0.000000 
612.841797 30.009622 0.000000  0.000000 
612.939453 30.006400 0.000000  0.000000 
613.037109 30.003178 0.000000  0.000000 
613.134766 29.999958 0.000000  0.000000 
613.232422 29.996738 0.000000  0.000000 
613.330078 29.993518 0.000000  0.000000 
613.427734 29.990300 0.000000  0.000000 
613.525391 29.987082 0.000000  0.000000 
613.623047 29.983865 0.000000  0.000000 
613.720703 29.980648 0.000000  0.000000 
613.818359 29.977433 0.000000  0.000000 
613.916016 29.974218 0.000000  0.000000 
614.013672 29.971004 0.000000  0.000000 
614.111328 29.967790 0.000000  0.000000 
614.208984 29.964577 0.000000  0.000000 
614.306641 29.961365 0.000000  0.000000 
614.404297 29.958154 0.000000  0.000000 
614.501953 29.954944 0.000000  0.000000 
614.599609 29.951734 0.000000  0.000000 
614.697266 29.948525 0.000000  0.000000 
614.794922 29.945316 0.000000  0.000000 
614.892578 29.942109 0.000000  0.000000 
614.990234 29.938902 0.000000  0.000000 
615.087891 29.935696 0.000000  0.000000 
615.185547 29.932490 0.000000  0.000000 
615.283203 29.929286 0.000000  0.000000 
615.380859 29.926082 0.000000  0.000000 
615.478516 29.922878 0.000000  0.000000 
615.576172 29.919676 0.000000  0.000000 
615.673828 29.916474 0.000000  0.000000 
615.771484 29.913273 0.000000  0.000000 
615.869141 29.910072 0.000000  0.000000 
615.966797 29.906873 0.000000  0.000000 
616.064453 29.903674 0.000000  0.000000 
616.162109 29.900476 0.000000  0.000000 
616.259766 29.897278 0.000000  0.000000 
616.357422 29.894082 0.000000  0.000000 
616.455078 29.890886 0.000000  0.000000 
616.552734 29.887690 0.000000  0.000000 
616.650391 29.884496 0.000000  0.000000 
616.748047 29.881302 0.000000  0.000000 
616.845703 29.878109 0.000000  0.000000 
616.943359 29.874916 0.000000  0.000000 
617.041016 29.871725 0.000000  0.000000 
617.138672 29.868534 0.000000  0.000000 
617.236328 29.865343 0.000000  0.000000 
617.333984 29.862154 0.000000  0.000000 
617.431641 29.858965 0.000000  0.000000 
617.529297 29.855777 0.000000  0.000000 
617.626953 29.852590 0.000000  0.000000 
617.724609 29.849403 0.000000  0.000000 
617.822266 29.846217 0.000000  0.000000 
617.919922 29.843032 0.000000  0.000000 
618.017578 29.839847 0.000000  0.000000 
618.115234 29.836664 0.000000  0.000000 
618.212891 29.833481 0.000000  0.000000 
618.310547 29.830298 0.000000  0.000000 
618.408203 29.827117 0.000000  0.000000 
618.505859 29.823936 0.000000  0.000000 
618.603516 29.820756 0.000000  0.000000 
618.701172 29.817576 0.000000  0.000000 
618.798828 29.814397 0.000000  0.000000 
618.896484 29.811219 0.000000  0.000000 
618.994141 29.808042 0.000000  0.000000 
619.091797 29.804866 0.000000  0.000000 
619.189453 29.801690 0.000000  0.000000 
619.287109 29.798514 0.000000  0.000000 
619.384766 29.795340 0.000000  0.000000 
619.482422 29.792166 0.000000  0.000000 
619.580078 29.788993 0.000000  0.000000 
619.677734 29.785821 0.000000  0.000000 
619.775391 29.782649 0.000000  0.000000 
619.873047 29.779479 0.000000  0.000000 
619.970703 29.776308 0.000000  0.000000 
620.068359 29.773139 0.000000  0.000000 
620.166016 29.769970 0.000000  0.000000 
620.263672 29.766802 0.000000  0.000000 
620.361328 29.763635 0.000000  0.000000 
620.458984 29.760468 0.000000  0.000000 
620.556641 29.757303 0.000000  0.000000 
620.654297 29.754137 0.000000  0.000000 
620.751953 29.750973 0.000000  0.000000 
620.849609 29.747809 0.000000  0.000000 
620.947266 29.744646 0.000000  0.000000 
621.044922 29.741484 0.000000  0.000000 
621.142578 29.738322 0.000000  0.000000 
621.240234 29.735161 0.000000  0.000000 
621.337891 29.732001 0.000000  0.000000 
621.435547 29.728842 0.000000  0.000000 
621.533203 29.725683 0.000000  0.000000 
621.630859 29.722525 0.000000  0.000000 
621.728516 29.719368 0.000000  0.000000 
621.826172 29.716211 0.000000  0.000000 
621.923828 29.713055 0.000000  0.000000 
622.021484 29.709900 0.000000  0.000000 
622.119141 29.706745 0.000000  0.000000 
622.216797 29.703592 0.000000  0.000000 
622.314453 29.700438 0.000000  0.000000 
622.412109 29.697286 0.000000  0.000000 
622.509766 29.694134 0.000000  0.000000 
622.607422 29.690983 0.000000  0.000000 
622.705078 29.687833 0.000000  0.000000 
622.802734 29.684684 0.000000  0.000000 
622.900391 29.681535 0.000000  0.000000 
622.998047 29.678387 0.000000  0.000000 
623.095703 29.675239 0.000000  0.000000 
623.193359 29.672093 0.000000  0.000000 
623.291016 29.668947 0.000000  0.000000 
623.388672 29.665801 0.000000  0.000000 
623.486328 29.662657 0.000000  0.000000 
623.583984 29.659513 0.000000  0.000000 
623.681641 29.656370 0.000000  0.000000 
623.779297 29.653227 0.000000  0.000000 
623.876953 29.650085 0.000000  0.000000 
623.974609 29.646944 0.000000  0.000000 
624.072266 29.643804 0.000000  0.000000 
624.169922 29.640664 0.000000  0.000000 
624.267578 29.637525 0.000000  0.000000 
624.365234 29.634387 0.000000  0.000000 
624.462891 29.631249 0.000000  0.000000 
624.560547 29.628112 0.000000  0.000000 
624.658203 29.624976 0.000000  0.000000 
624.755859 29.621841 0.000000  0.000000 
624.853516 29.618706 0.000000  0.000000 
624.951172 29.615572 0.000000  0.000000 
625.048828 29.612439 0.000000  0.000000 
625.146484 29.609306 0.000000  0.000000 
625.244141 29.606174 0.000000  0.000000 
625.341797 29.603043 0.000000  0.000000 
625.439453 29.599912 0.000000  0.000000 
625.537109 29.596782 0.000000  0.000000 
625.634766 29.593653 0.000000  0.000000 
625.732422 29.590525 0.000000  0.000000 
625.830078 29.587397 0.000000  0.000000 
625.927734 29.584270 0.000000  0.000000 
626.025391 29.581143 0.000000  0.000000 
626.123047 29.578018 0.000000  0.000000 
626.220703 29.574893 0.000000  0.000000 
626.318359 29.571769 0.000000  0.000000 
626.416016 29.568645 0.000000  0.000000 
626.513672 29.565522 0.000000  0.000000 
626.611328 29.562400 0.000000  0.000000 
626.708984 29.559278 0.000000  0.000000 
626.806641 29.556158 0.000000  0.000000 
626.904297 29.553038 0.000000  0.000000 
627.001953 29.549918 0.000000  0.000000 
627.099609 29.546800 0.000000  0.000000 
627.197266 29.543682 0.000000  0.000000 
627.294922 29.540564 0.000000  0.000000 
627.392578 29.537448 0.000000  0.000000 
627.490234 29.534332 0.000000  0.000000 
627.587891 29.531216 0.000000  0.000000 
627.685547 29.528102 0.000000  0.000000 
627.783203 29.524988 0.000000  0.000000 
627.880859 29.521875 0.000000  0.000000 
627.978516 29.518763 0.000000  0.000000 
628.076172 29.515651 0.000000  0.000000 
628.173828 29.512540 0.000000  0.000000 
628.271484 29.509429 0.000000  0.000000 
628.369141 29.506320 0.000000  0.000000 
628.466797 29.503211 0.000000  0.000000 
628.564453 29.500102 0.000000  0.000000 
628.662109 29.496995 0.000000  0.000000 
628.759766 29.493888 0.000000  0.000000 
628.857422 29.490782 0.000000  0.000000 
628.955078 29.487676 0.000000  0.000000 
629.052734 29.484571 0.000000  0.000000 
629.150391 29.481467 0.000000  0.000000 
629.248047 29.478364 0.000000  0.000000 
629.345703 29.475261 0.000000  0.000000 
629.443359 29.472159 0.000000  0.000000 
629.541016 29.469058 0.000000  0.000000 
629.638672 29.465957 0.000000  0.000000 
629.736328 29.462857 0.000000  0.000000 
629.833984 29.459758 0.000000  0.000000 
629.931641 29.456659 0.000000  0.000000 
630.029297 29.453561 0.000000  0.000000 
630.126953 29.450464 0.000000  0.000000 
630.224609 29.447367 0.000000  0.000000 
630.322266 29.444271 0.000000  0.000000 
630.419922 29.441176 0.000000  0.000000 
630.517578 29.438082 0.000000  0.000000 
630.615234 29.434988 0.000000  0.000000 
630.712891 29.431895 0.000000  0.000000 
630.810547 29.428802 0.000000  0.000000 
630.908203 29.425711 0.000000  0.000000 
631.005859 29.422619 0.000000  0.000000 
631.103516 29.419529 0.000000  0.000000 
631.201172 29.416439 0.000000  0.000000 
631.298828 29.413350 0.000000  0.000000 
631.396484 29.410262 0.000000  0.000000 
631.494141 29.407174 0.000000  0.000000 
631.591797 29.404088 0.000000  0.000000 
631.689453 29.401001 0.000000  0.000000 
631.787109 29.397916 0.000000  0.000000 
631.884766 29.394831 0.000000  0.000000 
631.982422 29.391747 0.000000  0.000000 
632.080078 29.388663 0.000000  0.000000 
632.177734 29.385580 0.000000  0.000000 
632.275391 29.382498 0.000000  0.000000 
632.373047 29.379417 0.000000  0.000000 
632.470703 29.376336 0.000000  0.000000 
632.568359 29.373256 0.000000  0.000000 
632.666016 29.370176 0.000000  0.000000 
632.763672 29.367097 0.000000  0.000000 
632.861328 29.364019 0.000000  0.000000 
632.958984 29.360942 0.000000  0.000000 
633.056641 29.357865 0.000000  0.000000 
633.154297 29.354789 0.000000  0.000000 
633.251953 29.351714 0.000000  0.000000 
633.349609 29.348639 0.000000  0.000000 
633.447266 29.345565 0.000000  0.000000 
633.544922 29.342492 0.000000  0.000000 
633.642578 29.339419 0.000000  0.000000 
633.740234 29.336347 0.000000  0.000000 
633.837891 29.333276 0.000000  0.000000 
633.935547 29.330205 0.000000  0.000000 
634.033203 29.327136 0.000000  0.000000 
634.130859 29.324066 0.000000  0.000000 
634.228516 29.320998 0.000000  0.000000 
634.326172 29.317930 0.000000  0.000000 
634.423828 29.314863 0.000000  0.000000 
634.521484 29.311796 0.000000  0.000000 
634.619141 29.308730 0.000000  0.000000 
634.716797 29.305665 0.000000  0.000000 
634.814453 29.302601 0.000000  0.000000 
634.912109 29.299537 0.000000  0.000000 
635.009766 29.296474 0.000000  0.000000 
635.107422 29.293411 0.000000  0.000000 
635.205078 29.290349 0.000000  0.000000 
635.302734 29.287288 0.000000  0.000000 
635.400391 29.284228 0.000000  0.000000 
635.498047 29.281168 0.000000  0.000000 
635.595703 29.278109 0.000000  0.000000 
635.693359 29.275051 0.000000  0.000000 
635.791016 29.271993 0.000000  0.000000 
635.888672 29.268936 0.000000  0.000000 
635.986328 29.265879 0.000000  0.000000 
636.083984 29.262824 0.000000  0.000000 
636.181641 29.259769 0.000000  0.000000 
636.279297 29.256714 0.000000  0.000000 
636.376953 29.253661 0.000000  0.000000 
636.474609 29.250608 0.000000  0.000000 
636.572266 29.247555 0.000000  0.000000 
636.669922 29.244504 0.000000  0.000000 
636.767578 29.241453 0.000000  0.000000 
636.865234 29.238402 0.000000  0.000000 
636.962891 29.235353 0.000000  0.000000 
637.060547 29.232304 0.000000  0.000000 
637.158203 29.229255 0.000000  0.000000 
637.255859 29.226208 0.000000  0.000000 
637.353516 29.223161 0.000000  0.000000 
637.451172 29.220114 0.000000  0.000000 
637.548828 29.217069 0.000000  0.000000 
637.646484 29.214024 0.000000  0.000000 
637.744141 29.210979 0.000000  0.000000 
637.841797 29.207936 0.000000  0.000000 
637.939453 29.204893 0.000000  0.000000 
638.037109 29.201850 0.000000  0.000000 
638.134766 29.198809 0.000000  0.000000 
638.232422 29.195768 0.000000  0.000000 
638.330078 29.192728 0.000000  0.000000 
638.427734 29.189688 0.000000  0.000000 
638.525391 29.186649 0.000000  0.000000 
638.623047 29.183611 0.000000  0.000000 
638.720703 29.180573 0.000000  0.000000 
638.818359 29.177536 0.000000  0.000000 
638.916016 29.174500 0.000000  0.000000 
639.013672 29.171464 0.000000  0.000000 
639.111328 29.168429 0.000000  0.000000 
639.208984 29.165395 0.000000  0.000000 
639.306641 29.162361 0.000000  0.000000 
639.404297 29.159328 0.000000  0.000000 
639.501953 29.156296 0.000000  0.000000 
639.599609 29.153265 0.000000  0.000000 
639.697266 29.150234 0.000000  0.000000 
639.794922 29.147203 0.000000  0.000000 
639.892578 29.144174 0.000000  0.000000 
639.990234 29.141145 0.000000  0.000000 
640.087891 29.138116 0.000000  0.000000 
640.185547 29.135089 0.000000  0.000000 
640.283203 29.132062 0.000000  0.000000 
640.380859 29.129036 0.000000  0.000000 
640.478516 29.126010 0.000000  0.000000 
640.576172 29.122985 0.000000  0.000000 
640.673828 29.119961 0.000000  0.000000 
640.771484 29.116937 0.000000  0.000000 
640.869141 29.113914 0.000000  0.000000 
640.966797 29.110892 0.000000  0.000000 
641.064453 29.107870 0.000000  0.000000 
641.162109 29.104849 0.000000  0.000000 
641.259766 29.101829 0.000000  0.000000 
641.357422 29.098809 0.000000  0.000000 
641.455078 29.095790 0.000000  0.000000 
641.552734 29.092772 0.000000  0.000000 
641.650391 29.089754 0.000000  0.000000 
641.748047 29.086737 0.000000  0.000000 
641.845703 29.083720 0.000000  0.000000 
641.943359 29.080705 0.000000  0.000000 
642.041016 29.077690 0.000000  0.000000 
642.138672 29.074675 0.000000  0.000000 
642.236328 29.071661 0.000000  0.000000 
642.333984 29.068648 0.000000  0.000000 
642.431641 29.065636 0.000000  0.000000 
642.529297 29.062624 0.000000  0.000000 
642.626953 29.059613 0.000000  0.000000 
642.724609 29.056603 0.000000  0.000000 
642.822266 29.053593 0.000000  0.000000 
642.919922 29.050584 0.000000  0.000000 
643.017578 29.047575 0.000000  0.000000 
643.115234 29.044567 0.000000  0.000000 
643.212891 29.041560 0.000000  0.000000 
643.310547 29.038554 0.000000  0.000000 
643.408203 29.035548 0.000000  0.000000 
643.505859 29.032543 0.000000  0.000000 
643.603516 29.029538 0.000000  0.000000 
643.701172 29.026534 0.000000  0.000000 
643.798828 29.023531 0.000000  0.000000 
643.896484 29.020528 0.000000  0.000000 
643.994141 29.017526 0.000000  0.000000 
644.091797 29.014525 0.000000  0.000000 
644.189453 29.011525 0.000000  0.000000 
644.287109 29.008525 0.000000  0.000000 
644.384766 29.005525 0.000000  0.000000 
644.482422 29.002527 0.000000  0.000000 
644.580078 28.999529 0.000000  0.000000 
644.677734 28.996531 0.000000  0.000000 
644.775391 28.993535 0.000000  0.000000 
644.873047 28.990539 0.000000  0.000000 
644.970703 28.987543 0.000000  0.000000 
645.068359 28.984548 0.000000  0.000000 
645.166016 28.981554 0.000000  0.000000 
645.263672 28.978561 0.000000  0.000000 
645.361328 28.975568 0.000000  0.000000 
645.458984 28.972576 0.000000  0.000000 
645.556641 28.969585 0.000000  0.000000 
645.654297 28.966594 0.000000  0.000000 
645.751953 28.963604 0.000000  0.000000 
645.849609 28.960614 0.000000  0.000000 
645.947266 28.957625 0.000000  0.000000 
646.044922 28.954637 0.000000  0.000000 
646.142578 28.951649 0.000000  0.000000 
646.240234 28.948663 0.000000  0.000000 
646.337891 28.945676 0.000000  0.000000 
646.435547 28.942691 0.000000  0.000000 
646.533203 28.939706 0.000000  0.000000 
646.630859 28.936721 0.000000  0.000000 
646.728516 28.933738 0.000000  0.000000 
646.826172 28.930755 0.000000  0.000000 
646.923828 28.927772 0.000000  0.000000 
647.021484 28.924791 0.000000  0.000000 
647.119141 28.921809 0.000000  0.000000 
647.216797 28.918829 0.000000  0.000000 
647.314453 28.915849 0.000000  0.000000 
647.412109 28.912870 0.000000  0.000000 
647.509766 28.909892 0.000000  0.000000 
647.607422 28.906914 0.000000  0.000000 
647.705078 28.903937 0.000000  0.000000 
647.802734 28.900960 0.000000  0.000000 
647.900391 28.897984 0.000000  0.000000 
647.998047 28.895009 0.000000  0.000000 
648.095703 28.892034 0.000000  0.000000 
648.193359 28.889060 0.000000  0.000000 
648.291016 28.886087 0.000000  0.000000 
648.388672 28.883114 0.000000  0.000000 
648.486328 28.880142 0.000000  0.000000 
648.583984 28.877171 0.000000  0.000000 
648.681641 28.874200 0.000000  0.000000 
648.779297 28.871230 0.000000  0.000000 
648.876953 28.868260 0.000000  0.000000 
648.974609 28.865292 0.000000  0.000000 
649.072266 28.862323 0.000000  0.000000 
649.169922 28.859356 0.000000  0.000000 
649.267578 28.856389 0.000000  0.000000 
649.365234 28.853423 0.000000  0.000000 
649.462891 28.850457 0.000000  0.000000 
649.560547 28.847492 0.000000  0.000000 
649.658203 28.844528 0.000000  0.000000 
649.755859 28.841564 0.000000  0.000000 
649.853516 28.838601 0.000000  0.000000 
649.951172 28.835639 0.000000  0.000000 
650.048828 28.832677 0.000000  0.000000 
650.146484 28.829716 0.000000  0.000000 
650.244141 28.826755 0.000000  0.000000 
650.341797 28.823796 0.000000  0.000000 
650.439453 28.820836 0.000000  0.000000 
650.537109 28.817878 0.000000  0.000000 
650.634766 28.814920 0.000000  0.000000 
650.732422 28.811963 0.000000  0.000000 
650.830078 28.809006 0.000000  0.000000 
650.927734 28.806050 0.000000  0.000000 
651.025391 28.803095 0.000000  0.000000 
651.123047 28.800140 0.000000  0.000000 
651.220703 28.797186 0.000000  0.000000 
651.318359 28.794232 0.000000  0.000000 
651.416016 28.791280 0.000000  0.000000 
651.513672 28.788328 0.000000  0.000000 
651.611328 28.785376 0.000000  0.000000 
651.708984 28.782425 0.000000  0.000000 
651.806641 28.779475 0.000000  0.000000 
651.904297 28.776525 0.000000  0.000000 
652.001953 28.773576 0.000000  0.000000 
652.099609 28.770628 0.000000  0.000000 
652.197266 28.767680 0.000000  0.000000 
652.294922 28.764733 0.000000  0.000000 
652.392578 28.761787 0.000000  0.000000 
652.490234 28.758841 0.000000  0.000000 
652.587891 28.755896 0.000000  0.000000 
652.685547 28.752951 0.000000  0.000000 
652.783203 28.750007 0.000000  0.000000 
652.880859 28.747064 0.000000  0.000000 
652.978516 28.744121 0.000000  0.000000 
653.076172 28.741179 0.000000  0.000000 
653.173828 28.738238 0.000000  0.000000 
653.271484 28.735297 0.000000  0.000000 
653.369141 28.732357 0.000000  0.000000 
653.466797 28.729418 0.000000  0.000000 
653.564453 28.726479 0.000000  0.000000 
653.662109 28.723541 0.000000  0.000000 
653.759766 28.720603 0.000000  0.000000 
653.857422 28.717666 0.000000  0.000000 
653.955078 28.714730 0.000000  0.000000 
654.052734 28.711794 0.000000  0.000000 
654.150391 28.708859 0.000000  0.000000 
654.248047 28.705925 0.000000  0.000000 
654.345703 28.702991 0.000000  0.000000 
654.443359 28.700058 0.000000  0.000000 
654.541016 28.697126 0.000000  0.000000 
654.638672 28.694194 0.000000  0.000000 
654.736328 28.691263 0.000000  0.000000 
654.833984 28.688332 0.000000  0.000000 
654.931641 28.685402 0.000000  0.000000 
655.029297 28.682473 0.000000  0.000000 
655.126953 28.679544 0.000000  0.000000 
655.224609 28.676616 0.000000  0.000000 
655.322266 28.673688 0.000000  0.000000 
655.419922 28.670762 0.000000  0.000000 
655.517578 28.667835 0.000000  0.000000 
655.615234 28.664910 0.000000  0.000000 
655.712891 28.661985 0.000000  0.000000 
655.810547 28.659060 0.000000  0.000000 
655.908203 28.656137 0.000000  0.000000 
656.005859 28.653214 0.000000  0.000000 
656.103516 28.650291 0.000000  0.000000 
656.201172 28.647370 0.000000  0.000000 
656.298828 28.644448 0.000000  0.000000 
656.396484 28.641528 0.000000  0.000000 
656.494141 28.638608 0.000000  0.000000 
656.591797 28.635689 0.000000  0.000000 
656.689453 28.632770 0.000000  0.000000 
656.787109 28.629852 0.000000  0.000000 
656.884766 28.626934 0.000000  0.000000 
656.982422 28.624018 0.000000  0.000000 
657.080078 28.621101 0.000000  0.000000 
657.177734 28.618186 0.000000  0.000000 
657.275391 28.615271 0.000000  0.000000 
657.373047 28.612357 0.000000  0.000000 
657.470703 28.609443 0.000000  0.000000 
657.568359 28.606530 0.000000  0.000000 
657.666016 28.603618 0.000000  0.000000 
657.763672 28.600706 0.000000  0.000000 
657.861328 28.597795 0.000000  0.000000 
657.958984 28.594884 0.000000  0.000000 
658.056641 28.591974 0.000000  0.000000 
658.154297 28.589065 0.000000  0.000000 
658.251953 28.586156 0.000000  0.000000 
658.349609 28.583248 0.000000  0.000000 
658.447266 28.580341 0.000000  0.000000 
658.544922 28.577434 0.000000  0.000000 
658.642578 28.574528 0.000000  0.000000 
658.740234 28.571622 0.000000  0.000000 
658.837891 28.568717 0.000000  0.000000 
658.935547 28.565813 0.000000  0.000000 
659.033203 28.562909 0.000000  0.000000 
659.130859 28.560006 0.000000  0.000000 
659.228516 28.557104 0.000000  0.000000 
659.326172 28.554202 0.000000  0.000000 
659.423828 28.551301 0.000000  0.000000 
659.521484 28.548400 0.000000  0.000000 
659.619141 28.545500 0.000000  0.000000 
659.716797 28.542601 0.000000  0.000000 
659.814453 28.539702 0.000000  0.000000 
659.912109 28.536804 0.000000  0.000000 
660.009766 28.533906 0.000000  0.000000 
660.107422 28.531009 0.000000  0.000000 
660.205078 28.528113 0.000000  0.000000 
660.302734 28.525218 0.000000  0.000000 
660.400391 28.522323 0.000000  0.000000 
660.498047 28.519428 0.000000  0.000000 
660.595703 28.516534 0.000000  0.000000 
660.693359 28.513641 0.000000  0.000000 
660.791016 28.510749 0.000000  0.000000 
660.888672 28.507857 0.000000  0.000000 
660.986328 28.504965 0.000000  0.000000 
661.083984 28.502075 0.000000  0.000000 
661.181641 28.499185 0.000000  0.000000 
661.279297 28.496295 0.000000  0.000000 
661.376953 28.493406 0.000000  0.000000 
661.474609 28.490518 0.000000  0.000000 
661.572266 28.487630 0.000000  0.000000 
661.669922 28.484743 0.000000  0.000000 
661.767578 28.481857 0.000000  0.000000 
661.865234 28.478971 0.000000  0.000000 
661.962891 28.476086 0.000000  0.000000 
662.060547 28.473202 0.000000  0.000000 
662.158203 28.470318 0.000000  0.000000 
662.255859 28.467434 0.000000  0.000000 
662.353516 28.464552 0.000000  0.000000 
662.451172 28.461670 0.000000  0.000000 
662.548828 28.458788 0.000000  0.000000 
662.646484 28.455907 0.000000  0.000000 
662.744141 28.453027 0.000000  0.000000 
662.841797 28.450147 0.000000  0.000000 
662.939453 28.447268 0.000000  0.000000 
663.037109 28.444390 0.000000  0.000000 
663.134766 28.441512 0.000000  0.000000 
663.232422 28.438635 0.000000  0.000000 
663.330078 28.435758 0.000000  0.000000 
663.427734 28.432882 0.000000  0.000000 
663.525391 28.430007 0.000000  0.000000 
663.623047 28.427132 0.000000  0.000000 
663.720703 28.424258 0.000000  0.000000 
663.818359 28.421385 0.000000  0.000000 
663.916016 28.418512 0.000000  0.000000 
664.013672 28.415639 0.000000  0.000000 
664.111328 28.412768 0.000000  0.000000 
664.208984 28.409897 0.000000  0.000000 
664.306641 28.407026 0.000000  0.000000 
664.404297 28.404156 0.000000  0.000000 
664.501953 28.401287 0.000000  0.000000 
664.599609 28.398419 0.000000  0.000000 
664.697266 28.395551 0.000000  0.000000 
664.794922 28.392683 0.000000  0.000000 
664.892578 28.389816 0.000000  0.000000 
664.990234 28.386950 0.000000  0.000000 
665.087891 28.384085 0.000000  0.000000 
665.185547 28.381220 0.000000  0.000000 
665.283203 28.378355 0.000000  0.000000 
665.380859 28.375491 0.000000  0.000000 
665.478516 28.372628 0.000000  0.000000 
665.576172 28.369766 0.000000  0.000000 
665.673828 28.366904 0.000000  0.000000 
665.771484 28.364042 0.000000  0.000000 
665.869141 28.361182 0.000000  0.000000 
665.966797 28.358322 0.000000  0.000000 
666.064453 28.355462 0.000000  0.000000 
666.162109 28.352603 0.000000  0.000000 
666.259766 28.349745 0.000000  0.000000 
666.357422 28.346887 0.000000  0.000000 
666.455078 28.344030 0.000000  0.000000 
666.552734 28.341174 0.000000  0.000000 
666.650391 28.338318 0.000000  0.000000 
666.748047 28.335462 0.000000  0.000000 
666.845703 28.332608 0.000000  0.000000 
666.943359 28.329754 0.000000  0.000000 
667.041016 28.326900 0.000000  0.000000 
667.138672 28.324047 0.000000  0.000000 
667.236328 28.321195 0.000000  0.000000 
667.333984 28.318344 0.000000  0.000000 
667.431641 28.315492 0.000000  0.000000 
667.529297 28.312642 0.000000  0.000000 
667.626953 28.309792 0.000000  0.000000 
667.724609 28.306943 0.000000  0.000000 
667.822266 28.304094 0.000000  0.000000 
667.919922 28.301246 0.000000  0.000000 
668.017578 28.298399 0.000000  0.000000 
668.115234 28.295552 0.000000  0.000000 
668.212891 28.292706 0.000000  0.000000 
668.310547 28.289860 0.000000  0.000000 
668.408203 28.287015 0.000000  0.000000 
668.505859 28.284171 0.000000  0.000000 
668.603516 28.281327 0.000000  0.000000 
668.701172 28.278484 0.000000  0.000000 
668.798828 28.275641 0.000000  0.000000 
668.896484 28.272799 0.000000  0.000000 
668.994141 28.269958 0.000000  0.000000 
669.091797 28.267117 0.000000  0.000000 
669.189453 28.264277 0.000000  0.000000 
669.287109 28.261437 0.000000  0.000000 
669.384766 28.258598 0.000000  0.000000 
669.482422 28.255760 0.000000  0.000000 
669.580078 28.252922 0.000000  0.000000 
669.677734 28.250085 0.000000  0.000000 
669.775391 28.247248 0.000000  0.000000 
669.873047 28.244412 0.000000  0.000000 
669.970703 28.241576 0.000000  0.000000 
670.068359 28.238742 0.000000  0.000000 
670.166016 28.235907 0.000000  0.000000 
670.263672 28.233074 0.000000  0.000000 
670.361328 28.230241 0.000000  0.000000 
670.458984 28.227408 0.000000  0.000000 
670.556641 28.224576 0.000000  0.000000 
670.654297 28.221745 0.000000  0.000000 
670.751953 28.218915 0.000000  0.000000 
670.849609 28.216085 0.000000  0.000000 
670.947266 28.213255 0.000000  0.000000 
671.044922 28.210426 0.000000  0.000000 
671.142578 28.207598 0.000000  0.000000 
671.240234 28.204770 0.000000  0.000000 
671.337891 28.201943 0.000000  0.000000 
671.435547 28.199117 0.000000  0.000000 
671.533203 28.196291 0.000000  0.000000 
671.630859 28.193466 0.000000  0.000000 
671.728516 28.190641 0.000000  0.000000 
671.826172 28.187817 0.000000  0.000000 
671.923828 28.184993 0.000000  0.000000 
672.021484 28.182170 0.000000  0.000000 
672.119141 28.179348 0.000000  0.000000 
672.216797 28.176526 0.000000  0.000000 
672.314453 28.173705 0.000000  0.000000 
672.412109 28.170885 0.000000  0.000000 
672.509766 28.168065 0.000000  0.000000 
672.607422 28.165245 0.000000  0.000000 
672.705078 28.162427 0.000000  0.000000 
672.802734 28.159609 0.000000  0.000000 
672.900391 28.156791 0.000000  0.000000 
672.998047 28.153974 0.000000  0.000000 
673.095703 28.151158 0.000000  0.000000 
673.193359 28.148342 0.000000  0.000000 
673.291016 28.145527 0.000000  0.000000 
673.388672 28.142712 0.000000  0.000000 
673.486328 28.139898 0.000000  0.000000 
673.583984 28.137085 0.000000  0.000000 
673.681641 28.134272 0.000000  0.000000 
673.779297 28.131459 0.000000  0.000000 
673.876953 28.128648 0.000000  0.000000 
673.974609 28.125837 0.000000  0.000000 
674.072266 28.123026 0.000000  0.000000 
674.169922 28.120216 0.000000  0.000000 
674.267578 28.117407 0.000000  0.000000 
674.365234 28.114598 0.000000  0.000000 
674.462891 28.111790 0.000000  0.000000 
674.560547 28.108983 0.000000  0.000000 
674.658203 28.106176 0.000000  0.000000 
674.755859 28.103369 0.000000  0.000000 
674.853516 28.100564 0.000000  0.000000 
674.951172 28.097759 0.000000  0.000000 
675.048828 28.094954 0.000000  0.000000 
675.146484 28.092150 0.000000  0.000000 
675.244141 28.089347 0.000000  0.000000 
675.341797 28.086544 0.000000  0.000000 
675.439453 28.083742 0.000000  0.000000 
675.537109 28.080940 0.000000  0.000000 
675.634766 28.078139 0.000000  0.000000 
675.732422 28.075338 0.000000  0.000000 
675.830078 28.072538 0.000000  0.000000 
675.927734 28.069739 0.000000  0.000000 
676.025391 28.066940 0.000000  0.000000 
676.123047 28.064142 0.000000  0.000000 
676.220703 28.061345 0.000000  0.000000 
676.318359 28.058548 0.000000  0.000000 
676.416016 28.055751 0.000000  0.000000 
676.513672 28.052956 0.000000  0.000000 
676.611328 28.050160 0.000000  0.000000 
676.708984 28.047366 0.000000  0.000000 
676.806641 28.044572 0.000000  0.000000 
676.904297 28.041778 0.000000  0.000000 
677.001953 28.038985 0.000000  0.000000 
677.099609 28.036193 0.000000  0.000000 
677.197266 28.033401 0.000000  0.000000 
677.294922 28.030610 0.000000  0.000000 
677.392578 28.027820 0.000000  0.000000 
677.490234 28.025030 0.000000  0.000000 
677.587891 28.022241 0.000000  0.000000 
677.685547 28.019452 0.000000  0.000000 
677.783203 28.016664 0.000000  0.000000 
677.880859 28.013876 0.000000  0.000000 
677.978516 28.011089 0.000000  0.000000 
678.076172 28.008302 0.000000  0.000000 
678.173828 28.005517 0.000000  0.000000 
678.271484 28.002731 0.000000  0.000000 
678.369141 27.999947 0.000000  0.000000 
678.466797 27.997162 0.000000  0.000000 
678.564453 27.994379 0.000000  0.000000 
678.662109 27.991596 0.000000  0.000000 
678.759766 27.988814 0.000000  0.000000 
678.857422 27.986032 0.000000  0.000000 
678.955078 27.983251 0.000000  0.000000 
679.052734 27.980470 0.000000  0.000000 
679.150391 27.977690 0.000000  0.000000 
679.248047 27.974910 0.000000  0.000000 
679.345703 27.972131 0.000000  0.000000 
679.443359 27.969353 0.000000  0.000000 
679.541016 27.966575 0.000000  0.000000 
679.638672 27.963798 0.000000  0.000000 
679.736328 27.961022 0.000000  0.000000 
679.833984 27.958246 0.000000  0.000000 
679.931641 27.955470 0.000000  0.000000 
680.029297 27.952695 0.000000  0.000000 
680.126953 27.949921 0.000000  0.000000 
680.224609 27.947147 0.000000  0.000000 
680.322266 27.944374 0.000000  0.000000 
680.419922 27.941602 0.000000  0.000000 
680.517578 27.938830 0.000000  0.000000 
680.615234 27.936058 0.000000  0.000000 
680.712891 27.933288 0.000000  0.000000 
680.810547 27.930517 0.000000  0.000000 
680.908203 27.927748 0.000000  0.000000 
681.005859 27.924979 0.000000  0.000000 
681.103516 27.922210 0.000000  0.000000 
681.201172 27.919442 0.000000  0.000000 
681.298828 27.916675 0.000000  0.000000 
681.396484 27.913908 0.000000  0.000000 
681.494141 27.911142 0.000000  0.000000 
681.591797 27.908376 0.000000  0.000000 
681.689453 27.905611 0.000000  0.000000 
681.787109 27.902847 0.000000  0.000000 
681.884766 27.900083 0.000000  0.000000 
681.982422 27.897319 0.000000  0.000000 
682.080078 27.894557 0.000000  0.000000 
682.177734 27.891794 0.000000  0.000000 
682.275391 27.889033 0.000000  0.000000 
682.373047 27.886272 0.000000  0.000000 
682.470703 27.883511 0.000000  0.000000 
682.568359 27.880752 0.000000  0.000000 
682.666016 27.877992 0.000000  0.000000 
682.763672 27.875233 0.000000  0.000000 
682.861328 27.872475 0.000000  0.000000 
682.958984 27.869718 0.000000  0.000000 
683.056641 27.866961 0.000000  0.000000 
683.154297 27.864204 0.000000  0.000000 
683.251953 27.861448 0.000000  0.000000 
683.349609 27.858693 0.000000  0.000000 
683.447266 27.855938 0.000000  0.000000 
683.544922 27.853184 0.000000  0.000000 
683.642578 27.850431 0.000000  0.000000 
683.740234 27.847678 0.000000  0.000000 
683.837891 27.844925 0.000000  0.000000 
683.935547 27.842173 0.000000  0.000000 
684.033203 27.839422 0.000000  0.000000 
684.130859 27.836671 0.000000  0.000000 
684.228516 27.833921 0.000000  0.000000 
684.326172 27.831171 0.000000  0.000000 
684.423828 27.828422 0.000000  0.000000 
684.521484 27.825674 0.000000  0.000000 
684.619141 27.822926 0.000000  0.000000 
684.716797 27.820179 0.000000  0.000000 
684.814453 27.817432 0.000000  0.000000 
684.912109 27.814686 0.000000  0.000000 
685.009766 27.811940 0.000000  0.000000 
685.107422 27.809195 0.000000  0.000000 
685.205078 27.806451 0.000000  0.000000 
685.302734 27.803707 0.000000  0.000000 
685.400391 27.800963 0.000000  0.000000 
685.498047 27.798221 0.000000  0.000000 
685.595703 27.795478 0.000000  0.000000 
685.693359 27.792737 0.000000  0.000000 
685.791016 27.789996 0.000000  0.000000 
685.888672 27.787255 0.000000  0.000000 
685.986328 27.784515 0.000000  0.000000 
686.083984 27.781776 0.000000  0.000000 
686.181641 27.779037 0.000000  0.000000 
686.279297 27.776299 0.000000  0.000000 
686.376953 27.773561 0.000000  0.000000 
686.474609 27.770824 0.000000  0.000000 
686.572266 27.768087 0.000000  0.000000 
686.669922 27.765352 0.000000  0.000000 
686.767578 27.762616 0.000000  0.000000 
686.865234 27.759881 0.000000  0.000000 
686.962891 27.757147 0.000000  0.000000 
687.060547 27.754413 0.000000  0.000000 
687.158203 27.751680 0.000000  0.000000 
687.255859 27.748948 0.000000  0.000000 
687.353516 27.746215 0.000000  0.000000 
687.451172 27.743484 0.000000  0.000000 
687.548828 27.740753 0.000000  0.000000 
687.646484 27.738023 0.000000  0.000000 
687.744141 27.735293 0.000000  0.000000 
687.841797 27.732564 0.000000  0.000000 
687.939453 27.729835 0.000000  0.000000 
688.037109 27.727107 0.000000  0.000000 
688.134766 27.724380 0.000000  0.000000 
688.232422 27.721653 0.000000  0.000000 
688.330078 27.718926 0.000000  0.000000 
688.427734 27.716200 0.000000  0.000000 
688.525391 27.713475 0.000000  0.000000 
688.623047 27.710750 0.000000  0.000000 
688.720703 27.708026 0.000000  0.000000 
688.818359 27.705303 0.000000  0.000000 
688.916016 27.702580 0.000000  0.000000 
689.013672 27.699857 0.000000  0.000000 
689.111328 27.697135 0.000000  0.000000 
689.208984 27.694414 0.000000  0.000000 
689.306641 27.691693 0.000000  0.000000 
689.404297 27.688973 0.000000  0.000000 
689.501953 27.686253 0.000000  0.000000 
689.599609 27.683534 0.000000  0.000000 
689.697266 27.680816 0.000000  0.000000 
689.794922 27.678098 0.000000  0.000000 
689.892578 27.675380 0.000000  0.000000 
689.990234 27.672663 0.000000  0.000000 
690.087891 27.669947 0.000000  0.000000 
690.185547 27.667231 0.000000  0.000000 
690.283203 27.664516 0.000000  0.000000 
690.380859 27.661802 0.000000  0.000000 
690.478516 27.659087 0.000000  0.000000 
690.576172 27.656374 0.000000  0.000000 
690.673828 27.653661 0.000000  0.000000 
690.771484 27.650949 0.000000  0.000000 
690.869141 27.648237 0.000000  0.000000 
690.966797 27.645526 0.000000  0.000000 
691.064453 27.642815 0.000000  0.000000 
691.162109 27.640105 0.000000  0.000000 
691.259766 27.637395 0.000000  0.000000 
691.357422 27.634686 0.000000  0.000000 
691.455078 27.631977 0.000000  0.000000 
691.552734 27.629270 0.000000  0.000000 
691.650391 27.626562 0.000000  0.000000 
691.748047 27.623855 0.000000  0.000000 
691.845703 27.621149 0.000000  0.000000 
691.943359 27.618443 0.000000  0.000000 
692.041016 27.615738 0.000000  0.000000 
692.138672 27.613034 0.000000  0.000000 
692.236328 27.610330 0.000000  0.000000 
692.333984 27.607626 0.000000  0.000000 
692.431641 27.604923 0.000000  0.000000 
692.529297 27.602221 0.000000  0.000000 
692.626953 27.599519 0.000000  0.000000 
692.724609 27.596818 0.000000  0.000000 
692.822266 27.594117 0.000000  0.000000 
692.919922 27.591417 0.000000  0.000000 
693.017578 27.588717 0.000000  0.000000 
693.115234 27.586018 0.000000  0.000000 
693.212891 27.583320 0.000000  0.000000 
693.310547 27.580622 0.000000  0.000000 
693.408203 27.577924 0.000000  0.000000 
693.505859 27.575227 0.000000  0.000000 
693.603516 27.572531 0.000000  0.000000 
693.701172 27.569835 0.000000  0.000000 
693.798828 27.567140 0.000000  0.000000 
693.896484 27.564445 0.000000  0.000000 
693.994141 27.561751 0.000000  0.000000 
694.091797 27.559058 0.000000  0.000000 
694.189453 27.556365 0.000000  0.000000 
694.287109 27.553672 0.000000  0.000000 
694.384766 27.550980 0.000000  0.000000 
694.482422 27.548289 0.000000  0.000000 
694.580078 27.545598 0.000000  0.000000 
694.677734 27.542908 0.000000  0.000000 
694.775391 27.540218 0.000000  0.000000 
694.873047 27.537529 0.000000  0.000000 
694.970703 27.534841 0.000000  0.000000 
695.068359 27.532153 0.000000  0.000000 
695.166016 27.529465 0.000000  0.000000 
695.263672 27.526778 0.000000  0.000000 
695.361328 27.524092 0.000000  0.000000 
695.458984 27.521406 0.000000  0.000000 
695.556641 27.518721 0.000000  0.000000 
695.654297 27.516036 0.000000  0.000000 
695.751953 27.513352 0.000000  0.000000 
695.849609 27.510668 0.000000  0.000000 
695.947266 27.507985 0.000000  0.000000 
696.044922 27.505303 0.000000  0.000000 
696.142578 27.502621 0.000000  0.000000 
696.240234 27.499939 0.000000  0.000000 
696.337891 27.497258 0.000000  0.000000 
696.435547 27.494578 0.000000  0.000000 
696.533203 27.491898 0.000000  0.000000 
696.630859 27.489219 0.000000  0.000000 
696.728516 27.486540 0.000000  0.000000 
696.826172 27.483862 0.000000  0.000000 
696.923828 27.481184 0.000000  0.000000 
697.021484 27.478507 0.000000  0.000000 
697.119141 27.475831 0.000000  0.000000 
697.216797 27.473155 0.000000  0.000000 
697.314453 27.470479 0.000000  0.000000 
697.412109 27.467804 0.000000  0.000000 
697.509766 27.465130 0.000000  0.000000 
697.607422 27.462456 0.000000  0.000000 
697.705078 27.459783 0.000000  0.000000 
697.802734 27.457110 0.000000  0.000000 
697.900391 27.454438 0.000000  0.000000 
697.998047 27.451767 0.000000  0.000000 
698.095703 27.449095 0.000000  0.000000 
698.193359 27.446425 0.000000  0.000000 
698.291016 27.443755 0.000000  0.000000 
698.388672 27.441085 0.000000  0.000000 
698.486328 27.438417 0.000000  0.000000 
698.583984 27.435748 0.000000  0.000000 
698.681641 27.433080 0.000000  0.000000 
698.779297 27.430413 0.000000  0.000000 
698.876953 27.427746 0.000000  0.000000 
698.974609 27.425080 0.000000  0.000000 
699.072266 27.422415 0.000000  0.000000 
699.169922 27.419749 0.000000  0.000000 
699.267578 27.417085 0.000000  0.000000 
699.365234 27.414421 0.000000  0.000000 
699.462891 27.411757 0.000000  0.000000 
699.560547 27.409095 0.000000  0.000000 
699.658203 27.406432 0.000000  0.000000 
699.755859 27.403770 0.000000  0.000000 
699.853516 27.401109 0.000000  0.000000 
699.951172 27.398448 0.000000  0.000000 
700.048828 27.395788 0.000000  0.000000 
700.146484 27.393128 0.000000  0.000000 
700.244141 27.390469 0.000000  0.000000 
700.341797 27.387811 0.000000  0.000000 
700.439453 27.385152 0.000000  0.000000 
700.537109 27.382495 0.000000  0.000000 
700.634766 27.379838 0.000000  0.000000 
700.732422 27.377182 0.000000  0.000000 
700.830078 27.374526 0.000000  0.000000 
700.927734 27.371870 0.000000  0.000000 
701.025391 27.369215 0.000000  0.000000 
701.123047 27.366561 0.000000  0.000000 
701.220703 27.363907 0.000000  0.000000 
701.318359 27.361254 0.000000  0.000000 
701.416016 27.358602 0.000000  0.000000 
701.513672 27.355949 0.000000  0.000000 
701.611328 27.353298 0.000000  0.000000 
701.708984 27.350647 0.000000  0.000000 
701.806641 27.347996 0.000000  0.000000 
701.904297 27.345346 0.000000  0.000000 
702.001953 27.342697 0.000000  0.000000 
702.099609 27.340048 0.000000  0.000000 
702.197266 27.337400 0.000000  0.000000 
702.294922 27.334752 0.000000  0.000000 
702.392578 27.332104 0.000000  0.000000 
702.490234 27.329458 0.000000  0.000000 
702.587891 27.326811 0.000000  0.000000 
702.685547 27.324166 0.000000  0.000000 
702.783203 27.321521 0.000000  0.000000 
702.880859 27.318876 0.000000  0.000000 
702.978516 27.316232 0.000000  0.000000 
703.076172 27.313588 0.000000  0.000000 
703.173828 27.310945 0.000000  0.000000 
703.271484 27.308303 0.000000  0.000000 
703.369141 27.305661 0.000000  0.000000 
703.466797 27.303020 0.000000  0.000000 
703.564453 27.300379 0.000000  0.000000 
703.662109 27.297738 0.000000  0.000000 
703.759766 27.295099 0.000000  0.000000 
703.857422 27.292459 0.000000  0.000000 
703.955078 27.289821 0.000000  0.000000 
704.052734 27.287182 0.000000  0.000000 
704.150391 27.284545 0.000000  0.000000 
704.248047 27.281908 0.000000  0.000000 
704.345703 27.279271 0.000000  0.000000 
704.443359 27.276635 0.000000  0.000000 
704.541016 27.273999 0.000000  0.000000 
704.638672 27.271364 0.000000  0.000000 
704.736328 27.268730 0.000000  0.000000 
704.833984 27.266096 0.000000  0.000000 
704.931641 27.263463 0.000000  0.000000 
705.029297 27.260830 0.000000  0.000000 
705.126953 27.258197 0.000000  0.000000 
705.224609 27.255566 0.000000  0.000000 
705.322266 27.252934 0.000000  0.000000 
705.419922 27.250304 0.000000  0.000000 
705.517578 27.247673 0.000000  0.000000 
705.615234 27.245044 0.000000  0.000000 
705.712891 27.242414 0.000000  0.000000 
705.810547 27.239786 0.000000  0.000000 
705.908203 27.237158 0.000000  0.000000 
706.005859 27.234530 0.000000  0.000000 
706.103516 27.231903 0.000000  0.000000 
706.201172 27.229277 0.000000  0.000000 
706.298828 27.226651 0.000000  0.000000 
706.396484 27.224025 0.000000  0.000000 
706.494141 27.221400 0.000000  0.000000 
706.591797 27.218776 0.000000  0.000000 
706.689453 27.216152 0.000000  0.000000 
706.787109 27.213529 0.000000  0.000000 
706.884766 27.210906 0.000000  0.000000 
706.982422 27.208284 0.000000  0.000000 
707.080078 27.205662 0.000000  0.000000 
707.177734 27.203041 0.000000  0.000000 
707.275391 27.200420 0.000000  0.000000 
707.373047 27.197800 0.000000  0.000000 
707.470703 27.195180 0.000000  0.000000 
707.568359 27.192561 0.000000  0.000000 
707.666016 27.189943 0.000000  0.000000 
707.763672 27.187325 0.000000  0.000000 
707.861328 27.184707 0.000000  0.000000 
707.958984 27.182090 0.000000  0.000000 
708.056641 27.179474 0.000000  0.000000 
708.154297 27.176858 0.000000  0.000000 
708.251953 27.174242 0.000000  0.000000 
708.349609 27.171628 0.000000  0.000000 
708.447266 27.169013 0.000000  0.000000 
708.544922 27.166399 0.000000  0.000000 
708.642578 27.163786 0.000000  0.000000 
708.740234 27.161173 0.000000  0.000000 
708.837891 27.158561 0.000000  0.000000 
708.935547 27.155949 0.000000  0.000000 
709.033203 27.153338 0.000000  0.000000 
709.130859 27.150727 0.000000  0.000000 
709.228516 27.148117 0.000000  0.000000 
709.326172 27.145508 0.000000  0.000000 
709.423828 27.142899 0.000000  0.000000 
709.521484 27.140290 0.000000  0.000000 
709.619141 27.137682 0.000000  0.000000 
709.716797 27.135074 0.000000  0.000000 
709.814453 27.132467 0.000000  0.000000 
709.912109 27.129861 0.000000  0.000000 
710.009766 27.127255 0.000000  0.000000 
710.107422 27.124650 0.000000  0.000000 
710.205078 27.122045 0.000000  0.000000 
710.302734 27.119440 0.000000  0.000000 
710.400391 27.116836 0.000000  0.000000 
710.498047 27.114233 0.000000  0.000000 
710.595703 27.111630 0.000000  0.000000 
710.693359 27.109028 0.000000  0.000000 
710.791016 27.106426 0.000000  0.000000 
710.888672 27.103825 0.000000  0.000000 
710.986328 27.101224 0.000000  0.000000 
711.083984 27.098624 0.000000  0.000000 
711.181641 27.096024 0.000000  0.000000 
711.279297 27.093425 0.000000  0.000000 
711.376953 27.090826 0.000000  0.000000 
711.474609 27.088228 0.000000  0.000000 
711.572266 27.085631 0.000000  0.000000 
711.669922 27.083034 0.000000  0.000000 
711.767578 27.080437 0.000000  0.000000 
711.865234 27.077841 0.000000  0.000000 
711.962891 27.075246 0.000000  0.000000 
712.060547 27.072651 0.000000  0.000000 
712.158203 27.070056 0.000000  0.000000 
712.255859 27.067462 0.000000  0.000000 
712.353516 27.064869 0.000000  0.000000 
712.451172 27.062276 0.000000  0.000000 
712.548828 27.059683 0.000000  0.000000 
712.646484 27.057091 0.000000  0.000000 
712.744141 27.054500 0.000000  0.000000 
712.841797 27.051909 0.000000  0.000000 
712.939453 27.049319 0.000000  0.000000 
713.037109 27.046729 0.000000  0.000000 
713.134766 27.044140 0.000000  0.000000 
713.232422 27.041551 0.000000  0.000000 
713.330078 27.038963 0.000000  0.000000 
713.427734 27.036375 0.000000  0.000000 
713.525391 27.033788 0.000000  0.000000 
713.623047 27.031201 0.000000  0.000000 
713.720703 27.028615 0.000000  0.000000 
713.818359 27.026029 0.000000  0.000000 
713.916016 27.023444 0.000000  0.000000 
714.013672 27.020859 0.000000  0.000000 
714.111328 27.018275 0.000000  0.000000 
714.208984 27.015692 0.000000  0.000000 
714.306641 27.013109 0.000000  0.000000 
714.404297 27.010526 0.000000  0.000000 
714.501953 27.007944 0.000000  0.000000 
714.599609 27.005363 0.000000  0.000000 
714.697266 27.002782 0.000000  0.000000 
714.794922 27.000201 0.000000  0.000000 
714.892578 26.997621 0.000000  0.000000 
714.990234 26.995042 0.000000  0.000000 
715.087891 26.992463 0.000000  0.000000 
715.185547 26.989884 0.000000  0.000000 
715.283203 26.987306 0.000000  0.000000 
715.380859 26.984729 0.000000  0.000000 
715.478516 26.982152 0.000000  0.000000 
715.576172 26.979575 0.000000  0.000000 
715.673828 26.977000 0.000000  0.000000 
715.771484 26.974424 0.000000  0.000000 
715.869141 26.971849 0.000000  0.000000 
715.966797 26.969275 0.000000  0.000000 
716.064453 26.966701 0.000000  0.000000 
716.162109 26.964128 0.000000  0.000000 
716.259766 26.961555 0.000000  0.000000 
716.357422 26.958983 0.000000  0.000000 
716.455078 26.956411 0.000000  0.000000 
716.552734 26.953840 0.000000  0.000000 
716.650391 26.951269 0.000000  0.000000 
716.748047 26.948699 0.000000  0.000000 
716.845703 26.946129 0.000000  0.000000 
716.943359 26.943560 0.000000  0.000000 
717.041016 26.940991 0.000000  0.000000 
717.138672 26.938423 0.000000  0.000000 
717.236328 26.935855 0.000000  0.000000 
717.333984 26.933288 0.000000  0.000000 
717.431641 26.930722 0.000000  0.000000 
717.529297 26.928155 0.000000  0.000000 
717.626953 26.925590 0.000000  0.000000 
717.724609 26.923025 0.000000  0.000000 
717.822266 26.920460 0.000000  0.000000 
717.919922 26.917896 0.000000  0.000000 
718.017578 26.915332 0.000000  0.000000 
718.115234 26.912769 0.000000  0.000000 
718.212891 26.910207 0.000000  0.000000 
718.310547 26.907645 0.000000  0.000000 
718.408203 26.905083 0.000000  0.000000 
718.505859 26.902522 0.000000  0.000000 
718.603516 26.899962 0.000000  0.000000 
718.701172 26.897402 0.000000  0.000000 
718.798828 26.894842 0.000000  0.000000 
718.896484 26.892283 0.000000  0.000000 
718.994141 26.889725 0.000000  0.000000 
719.091797 26.887167 0.000000  0.000000 
719.189453 26.884609 0.000000  0.000000 
719.287109 26.882052 0.000000  0.000000 
719.384766 26.879496 0.000000  0.000000 
719.482422 26.876940 0.000000  0.000000 
719.580078 26.874384 0.000000  0.000000 
719.677734 26.871829 0.000000  0.000000 
719.775391 26.869275 0.000000  0.000000 
719.873047 26.866721 0.000000  0.000000 
719.970703 26.864168 0.000000  0.000000 
720.068359 26.861615 0.000000  0.000000 
720.166016 26.859062 0.000000  0.000000 
720.263672 26.856510 0.000000  0.000000 
720.361328 26.853959 0.000000  0.000000 
720.458984 26.851408 0.000000  0.000000 
720.556641 26.848858 0.000000  0.000000 
720.654297 26.846308 0.000000  0.000000 
720.751953 26.843759 0.000000  0.000000 
720.849609 26.841210 0.000000  0.000000 
720.947266 26.838661 0.000000  0.000000 
721.044922 26.836113 0.000000  0.000000 
721.142578 26.833566 0.000000  0.000000 
721.240234 26.831019 0.000000  0.000000 
721.337891 26.828473 0.000000  0.000000 
721.435547 26.825927 0.000000  0.000000 
721.533203 26.823382 0.000000  0.000000 
721.630859 26.820837 0.000000  0.000000 
721.728516 26.818293 0.000000  0.000000 
721.826172 26.815749 0.000000  0.000000 
721.923828 26.813206 0.000000  0.000000 
722.021484 26.810663 0.000000  0.000000 
722.119141 26.808120 0.000000  0.000000 
722.216797 26.805579 0.000000  0.000000 
722.314453 26.803037 0.000000  0.000000 
722.412109 26.800497 0.000000  0.000000 
722.509766 26.797956 0.000000  0.000000 
722.607422 26.795416 0.000000  0.000000 
722.705078 26.792877 0.000000  0.000000 
722.802734 26.790338 0.000000  0.000000 
722.900391 26.787800 0.000000  0.000000 
722.998047 26.785262 0.000000  0.000000 
723.095703 26.782725 0.000000  0.000000 
723.193359 26.780188 0.000000  0.000000 
723.291016 26.777652 0.000000  0.000000 
723.388672 26.775116 0.000000  0.000000 
723.486328 26.772581 0.000000  0.000000 
723.583984 26.770046 0.000000  0.000000 
723.681641 26.767512 0.000000  0.000000 
723.779297 26.764978 0.000000  0.000000 
723.876953 26.762445 0.000000  0.000000 
723.974609 26.759912 0.000000  0.000000 
724.072266 26.757380 0.000000  0.000000 
724.169922 26.754848 0.000000  0.000000 
724.267578 26.752317 0.000000  0.000000 
724.365234 26.749786 0.000000  0.000000 
724.462891 26.747256 0.000000  0.000000 
724.560547 26.744726 0.000000  0.000000 
724.658203 26.742197 0.000000  0.000000 
724.755859 26.739668 0.000000  0.000000 
724.853516 26.737140 0.000000  0.000000 
724.951172 26.734612 0.000000  0.000000 
725.048828 26.732085 0.000000  0.000000 
725.146484 26.729558 0.000000  0.000000 
725.244141 26.727032 0.000000  0.000000 
725.341797 26.724506 0.000000  0.000000 
725.439453 26.721981 0.000000  0.000000 
725.537109 26.719456 0.000000  0.000000 
725.634766 26.716932 0.000000  0.000000 
725.732422 26.714408 0.000000  0.000000 
725.830078 26.711884 0.000000  0.000000 
725.927734 26.709362 0.000000  0.000000 
726.025391 26.706839 0.000000  0.000000 
726.123047 26.704318 0.000000  0.000000 
726.220703 26.701796 0.000000  0.000000 
726.318359 26.699275 0.000000  0.000000 
726.416016 26.696755 0.000000  0.000000 
726.513672 26.694235 0.000000  0.000000 
726.611328 26.691716 0.000000  0.000000 
726.708984 26.689197 0.000000  0.000000 
726.806641 26.686679 0.000000  0.000000 
726.904297 26.684161 0.000000  0.000000 
727.001953 26.681644 0.000000  0.000000 
727.099609 26.679127 0.000000  0.000000 
727.197266 26.676611 0.000000  0.000000 
727.294922 26.674095 0.000000  0.000000 
727.392578 26.671579 0.000000  0.000000 
727.490234 26.669065 0.000000  0.000000 
727.587891 26.666550 0.000000  0.000000 
727.685547 26.664036 0.000000  0.000000 
727.783203 26.661523 0.000000  0.000000 
727.880859 26.659010 0.000000  0.000000 
727.978516 26.656498 0.000000  0.000000 
728.076172 26.653986 0.000000  0.000000 
728.173828 26.651474 0.000000  0.000000 
728.271484 26.648964 0.000000  0.000000 
728.369141 26.646453 0.000000  0.000000 
728.466797 26.643943 0.000000  0.000000 
728.564453 26.641434 0.000000  0.000000 
728.662109 26.638925 0.000000  0.000000 
728.759766 26.636416 0.000000  0.000000 
728.857422 26.633909 0.000000  0.000000 
728.955078 26.631401 0.000000  0.000000 
729.052734 26.628894 0.000000  0.000000 
729.150391 26.626388 0.000000  0.000000 
729.248047 26.623882 0.000000  0.000000 
729.345703 26.621376 0.000000  0.000000 
729.443359 26.618871 0.000000  0.000000 
729.541016 26.616367 0.000000  0.000000 
729.638672 26.613863 0.000000  0.000000 
729.736328 26.611359 0.000000  0.000000 
729.833984 26.608856 0.000000  0.000000 
729.931641 26.606354 0.000000  0.000000 
730.029297 26.603852 0.000000  0.000000 
730.126953 26.601350 0.000000  0.000000 
730.224609 26.598849 0.000000  0.000000 
730.322266 26.596348 0.000000  0.000000 
730.419922 26.593848 0.000000  0.000000 
730.517578 26.591349 0.000000  0.000000 
730.615234 26.588850 0.000000  0.000000 
730.712891 26.586351 0.000000  0.000000 
730.810547 26.583853 0.000000  0.000000 
730.908203 26.581355 0.000000  0.000000 
731.005859 26.578858 0.000000  0.000000 
731.103516 26.576362 0.000000  0.000000 
731.201172 26.573865 0.000000  0.000000 
731.298828 26.571370 0.000000  0.000000 
731.396484 26.568875 0.000000  0.000000 
731.494141 26.566380 0.000000  0.000000 
731.591797 26.563886 0.000000  0.000000 
731.689453 26.561392 0.000000  0.000000 
731.787109 26.558899 0.000000  0.000000 
731.884766 26.556406 0.000000  0.000000 
731.982422 26.553914 0.000000  0.000000 
732.080078 26.551422 0.000000  0.000000 
732.177734 26.548931 0.000000  0.000000 
732.275391 26.546440 0.000000  0.000000 
732.373047 26.543950 0.000000  0.000000 
732.470703 26.541460 0.000000  0.000000 
732.568359 26.538970 0.000000  0.000000 
732.666016 26.536482 0.000000  0.000000 
732.763672 26.533993 0.000000  0.000000 
732.861328 26.531505 0.000000  0.000000 
732.958984 26.529018 0.000000  0.000000 
733.056641 26.526531 0.000000  0.000000 
733.154297 26.524045 0.000000  0.000000 
733.251953 26.521559 0.000000  0.000000 
733.349609 26.519073 0.000000  0.000000 
733.447266 26.516588 0.000000  0.000000 
733.544922 26.514104 0.000000  0.000000 
733.642578 26.511620 0.000000  0.000000 
733.740234 26.509136 0.000000  0.000000 
733.837891 26.506653 0.000000  0.000000 
733.935547 26.504171 0.000000  0.000000 
734.033203 26.501689 0.000000  0.000000 
734.130859 26.499207 0.000000  0.000000 
734.228516 26.496726 0.000000  0.000000 
734.326172 26.494246 0.000000  0.000000 
734.423828 26.491766 0.000000  0.000000 
734.521484 26.489286 0.000000  0.000000 
734.619141 26.486807 0.000000  0.000000 
734.716797 26.484328 0.000000  0.000000 
734.814453 26.481850 0.000000  0.000000 
734.912109 26.479372 0.000000  0.000000 
735.009766 26.476895 0.000000  0.000000 
735.107422 26.474418 0.000000  0.000000 
735.205078 26.471942 0.000000  0.000000 
735.302734 26.469466 0.000000  0.000000 
735.400391 26.466991 0.000000  0.000000 
735.498047 26.464516 0.000000  0.000000 
735.595703 26.462042 0.000000  0.000000 
735.693359 26.459568 0.000000  0.000000 
735.791016 26.457095 0.000000  0.000000 
735.888672 26.454622 0.000000  0.000000 
735.986328 26.452150 0.000000  0.000000 
736.083984 26.449678 0.000000  0.000000 
736.181641 26.447206 0.000000  0.000000 
736.279297 26.444735 0.000000  0.000000 
736.376953 26.442265 0.000000  0.000000 
736.474609 26.439795 0.000000  0.000000 
736.572266 26.437325 0.000000  0.000000 
736.669922 26.434856 0.000000  0.000000 
736.767578 26.432388 0.000000  0.000000 
736.865234 26.429920 0.000000  0.000000 
736.962891 26.427452 0.000000  0.000000 
737.060547 26.424985 0.000000  0.000000 
737.158203 26.422519 0.000000  0.000000 
737.255859 26.420053 0.000000  0.000000 
737.353516 26.417587 0.000000  0.000000 
737.451172 26.415122 0.000000  0.000000 
737.548828 26.412657 0.000000  0.000000 
737.646484 26.410193 0.000000  0.000000 
737.744141 26.407729 0.000000  0.000000 
737.841797 26.405266 0.000000  0.000000 
737.939453 26.402803 0.000000  0.000000 
738.037109 26.400341 0.000000  0.000000 
738.134766 26.397879 0.000000  0.000000 
738.232422 26.395418 0.000000  0.000000 
738.330078 26.392957 0.000000  0.000000 
738.427734 26.390496 0.000000  0.000000 
738.525391 26.388036 0.000000  0.000000 
738.623047 26.385577 0.000000  0.000000 
738.720703 26.383118 0.000000  0.000000 
738.818359 26.380660 0.000000  0.000000 
738.916016 26.378202 0.000000  0.000000 
739.013672 26.375744 0.000000  0.000000 
739.111328 26.373287 0.000000  0.000000 
739.208984 26.370831 0.000000  0.000000 
739.306641 26.368374 0.000000  0.000000 
739.404297 26.365919 0.000000  0.000000 
739.501953 26.363464 0.000000  0.000000 
739.599609 26.361009 0.000000  0.000000 
739.697266 26.358555 0.000000  0.000000 
739.794922 26.356101 0.000000  0.000000 
739.892578 26.353648 0.000000  0.000000 
739.990234 26.351195 0.000000  0.000000 
740.087891 26.348743 0.000000  0.000000 
740.185547 26.346291 0.000000  0.000000 
740.283203 26.343840 0.000000  0.000000 
740.380859 26.341389 0.000000  0.000000 
740.478516 26.338939 0.000000  0.000000 
740.576172 26.336489 0.000000  0.000000 
740.673828 26.334039 0.000000  0.000000 
740.771484 26.331590 0.000000  0.000000 
740.869141 26.329142 0.000000  0.000000 
740.966797 26.326694 0.000000  0.000000 
741.064453 26.324246 0.000000  0.000000 
741.162109 26.321799 0.000000  0.000000 
741.259766 26.319353 0.000000  0.000000 
741.357422 26.316907 0.000000  0.000000 
741.455078 26.314461 0.000000  0.000000 
741.552734 26.312016 0.000000  0.000000 
741.650391 26.309571 0.000000  0.000000 
741.748047 26.307127 0.000000  0.000000 
741.845703 26.304683 0.000000  0.000000 
741.943359 26.302240 0.000000  0.000000 
742.041016 26.299797 0.000000  0.000000 
742.138672 26.297355 0.000000  0.000000 
742.236328 26.294913 0.000000  0.000000 
742.333984 26.292472 0.000000  0.000000 
742.431641 26.290031 0.000000  0.000000 
742.529297 26.287590 0.000000  0.000000 
742.626953 26.285150 0.000000  0.000000 
742.724609 26.282711 0.000000  0.000000 
742.822266 26.280272 0.000000  0.000000 
742.919922 26.277833 0.000000  0.000000 
743.017578 26.275395 0.000000  0.000000 
743.115234 26.272958 0.000000  0.000000 
743.212891 26.270520 0.000000  0.000000 
743.310547 26.268084 0.000000  0.000000 
743.408203 26.265648 0.000000  0.000000 
743.505859 26.263212 0.000000  0.000000 
743.603516 26.260777 0.000000  0.000000 
743.701172 26.258342 0.000000  0.000000 
743.798828 26.255908 0.000000  0.000000 
743.896484 26.253474 0.000000  0.000000 
743.994141 26.251040 0.000000  0.000000 
744.091797 26.248607 0.000000  0.000000 
744.189453 26.246175 0.000000  0.000000 
744.287109 26.243743 0.000000  0.000000 
744.384766 26.241312 0.000000  0.000000 
744.482422 26.238881 0.000000  0.000000 
744.580078 26.236450 0.000000  0.000000 
744.677734 26.234020 0.000000  0.000000 
744.775391 26.231590 0.000000  0.000000 
744.873047 26.229161 0.000000  0.000000 
744.970703 26.226732 0.000000  0.000000 
745.068359 26.224304 0.000000  0.000000 
745.166016 26.221876 0.000000  0.000000 
745.263672 26.219449 0.000000  0.000000 
745.361328 26.217022 0.000000  0.000000 
745.458984 26.214596 0.000000  0.000000 
745.556641 26.212170 0.000000  0.000000 
745.654297 26.209745 0.000000  0.000000 
745.751953 26.207320 0.000000  0.000000 
745.849609 26.204895 0.000000  0.000000 
745.947266 26.202471 0.000000  0.000000 
746.044922 26.200048 0.000000  0.000000 
746.142578 26.197625 0.000000  0.000000 
746.240234 26.195202 0.000000  0.000000 
746.337891 26.192780 0.000000  0.000000 
746.435547 26.190358 0.000000  0.000000 
746.533203 26.187937 0.000000  0.000000 
746.630859 26.185516 0.000000  0.000000 
746.728516 26.183096 0.000000  0.000000 
746.826172 26.180676 0.000000  0.000000 
746.923828 26.178257 0.000000  0.000000 
747.021484 26.175838 0.000000  0.000000 
747.119141 26.173420 0.000000  0.000000 
747.216797 26.171002 0.000000  0.000000 
747.314453 26.168584 0.000000  0.000000 
747.412109 26.166167 0.000000  0.000000 
747.509766 26.163751 0.000000  0.000000 
747.607422 26.161335 0.000000  0.000000 
747.705078 26.158919 0.000000  0.000000 
747.802734 26.156504 0.000000  0.000000 
747.900391 26.154089 0.000000  0.000000 
747.998047 26.151675 0.000000  0.000000 
748.095703 26.149261 0.000000  0.000000 
748.193359 26.146848 0.000000  0.000000 
748.291016 26.144435 0.000000  0.000000 
748.388672 26.142023 0.000000  0.000000 
748.486328 26.139611 0.000000  0.000000 
748.583984 26.137199 0.000000  0.000000 
748.681641 26.134788 0.000000  0.000000 
748.779297 26.132378 0.000000  0.000000 
748.876953 26.129968 0.000000  0.000000 
748.974609 26.127558 0.000000  0.000000 
749.072266 26.125149 0.000000  0.000000 
749.169922 26.122740 0.000000  0.000000 
749.267578 26.120332 0.000000  0.000000 
749.365234 26.117924 0.000000  0.000000 
749.462891 26.115517 0.000000  0.000000 
749.560547 26.113110 0.000000  0.000000 
749.658203 26.110704 0.000000  0.000000 
749.755859 26.108298 0.000000  0.000000 
749.853516 26.105893 0.000000  0.000000 
749.951172 26.103488 0.000000  0.000000 
